0.25245901639344265
0.3277027027027027
0.35051546391752575
0.30344827586206896
0.38513513513513514
0.35
0.3686131386861314
0.3116883116883117
0.30392156862745096
0.3546325878594249
0.3473684210526316
0.336734693877551
0.3625
0.36666666666666664
0.33444816053511706
0.3333333333333333
0.36713286713286714
0.3787375415282392
0.32831325301204817
0.3400673400673401
0.37410071942446044
0.33088235294117646
0.4187725631768953
0.3728813559322034
0.3311897106109325
0.343042071197411
0.28421052631578947
0.33554817275747506
0.345679012345679
0.3515358361774744
0.37545126353790614
0.3249211356466877
0.3762057877813505
0.3136645962732919
0.3355048859934853
0.34579439252336447
0.3298611111111111
0.3651315789473684
0.3829787234042553
0.32450331125827814
0.34494773519163763
0.34408602150537637
0.29372937293729373
0.4131944444444444
0.33881578947368424
0.37857142857142856
0.370242214532872
0.29289940828402367
0.3627760252365931
0.34576271186440677
0.3879598662207358
0.3277591973244147
0.34276729559748426
0.3311036789297659
0.35398230088495575
0.35451505016722407
0.3382352941176471
0.3554817275747508
0.32517482517482516
0.34098360655737703
0.3498452012383901
0.3194888178913738
0.37666666666666665
0.3079268292682927
0.3069620253164557
0.3187919463087248
0.3644859813084112
0.33666666666666667
0.41724137931034483
0.3184931506849315
0.32142857142857145
0.3028169014084507
0.37012987012987014
0.34627831715210355
0.35447761194029853
0.3814814814814815
0.31333333333333335
0.39622641509433965
0.36809815950920244
0.35403726708074534
0.3674698795180723
0.3191489361702128
0.36555891238670696
0.356401384083045
0.2972027972027972
0.3333333333333333
0.3184931506849315
0.3289902280130293
0.3841059602649007
0.36917562724014336
0.37254901960784315
0.3473684210526316
0.391304347826087
0.3719298245614035
0.36451612903225805
0.31493506493506496
0.3385093167701863
0.3639240506329114
0.3732394366197183
0.38801261829652994
0.3355263157894737
0.36792452830188677
0.4232209737827715
0.33559322033898303
0.3108974358974359
0.3709090909090909
0.3344594594594595
0.35335689045936397
0.3017543859649123
0.3220338983050847
0.3576158940397351
0.28338762214983715
0.3125
0.36727272727272725
0.3896551724137931
0.37404580152671757
0.3560606060606061
0.3394495412844037
0.35947712418300654
0.3881118881118881
0.38175675675675674
0.3142857142857143
0.34397163120567376
0.35563380281690143
0.3442622950819672
0.33980582524271846
0.3547297297297297
0.3226837060702875
0.375968992248062
0.36298932384341637
0.3219814241486068
0.31654676258992803
0.3645833333333333
0.3055555555555556
0.3535031847133758
0.37142857142857144
0.3365695792880259
0.34951456310679613
0.35260115606936415
0.3521594684385382
0.38837920489296635
0.32081911262798635
0.3707865168539326
0.3724832214765101
0.35294117647058826
0.34285714285714286
0.34967320261437906
0.36163522012578614
0.3146417445482866
0.35294117647058826
0.39228295819935693
0.35855263157894735
0.3333333333333333
0.36538461538461536
0.35161290322580646
0.3434343434343434
0.33226837060702874
0.3745928338762215
0.3194029850746269
0.3767123287671233
0.34946236559139787
0.32752613240418116
0.35782747603833864
0.32608695652173914
0.4037854889589905
0.3929824561403509
0.35384615384615387
0.3559870550161812
0.3801916932907348
0.33447098976109213
0.3779527559055118
0.37388724035608306
0.2793103448275862
0.3574144486692015
0.3614457831325301
0.3263473053892216
0.329073482428115
0.3355048859934853
0.35625
0.31761006289308175
0.35514018691588783
0.284789644012945
0.3854166666666667
0.36555891238670696
0.33676975945017185
0.2947019867549669
0.31746031746031744
0.36496350364963503
0.36875
0.3333333333333333
0.2706270627062706
0.36923076923076925
0.3901639344262295
0.36363636363636365
0.3375796178343949
0.35384615384615387
0.32
0.3116883116883117
0.3310344827586207
0.3353846153846154
0.32247557003257327
0.3685897435897436
0.36721311475409835
0.34276729559748426
0.32234432234432236
0.37337662337662336
0.3581081081081081
0.33948339483394835
0.3633440514469453
0.38
0.3279742765273312
0.35815602836879434
0.2777777777777778
0.3754152823920266
0.3187919463087248
0.339041095890411
0.35507246376811596
0.34824281150159747
0.34049079754601225
0.3157894736842105
0.34868421052631576
0.34812286689419797
0.33559322033898303
0.3469387755102041
0.384375
0.3258064516129032
0.34797297297297297
0.3745928338762215
0.3651877133105802
0.36610169491525424
0.33762057877813506
0.32727272727272727
0.3468013468013468
0.3713235294117647
0.3217665615141956
0.35587188612099646
0.358695652173913
0.38263665594855306
0.3536977491961415
0.3333333333333333
0.38205980066445183
0.3684210526315789
0.36893203883495146
0.3333333333333333
0.3490566037735849
0.35987261146496813
0.3169230769230769
0.3745704467353952
0.3576158940397351
0.34057971014492755
0.32608695652173914
0.36875
0.3707482993197279
0.36538461538461536
0.31010452961672474
0.3554006968641115
0.36764705882352944
0.3262411347517731
0.370242214532872
0.32081911262798635
0.35714285714285715
0.4312267657992565
0.3602693602693603
0.3942307692307692
0.3468013468013468
0.4088050314465409
0.3426791277258567
0.3746130030959752
0.336996336996337
0.34796238244514105
0.36610169491525424
0.4096774193548387
0.3136645962732919
0.34065934065934067
0.3401360544217687
0.38380281690140844
0.32894736842105265
0.3365695792880259
0.33447098976109213
0.36054421768707484
0.3377926421404682
0.34065934065934067
0.3783783783783784
0.3333333333333333
0.3391003460207612
0.3864406779661017
0.3538961038961039
0.40217391304347827
0.34459459459459457
0.3440514469453376
0.3242424242424242
0.3333333333333333
0.35331230283911674
0.3737024221453287
0.32298136645962733
0.3298245614035088
0.3576158940397351
0.3298245614035088
0.34069400630914826
0.31629392971246006
0.06756756756756757
0.08620689655172414
0.12709030100334448
0.0798611111111111
0.10508474576271186
0.059233449477351915
0.11705685618729098
0.06923076923076923
0.10408921933085502
0.1103202846975089
0.08960573476702509
0.08227848101265822
0.09061488673139159
0.0944055944055944
0.09060402684563758
0.06907894736842106
0.076158940397351
0.08414239482200647
0.10810810810810811
0.08503401360544217
0.11912225705329153
0.03986710963455149
0.07042253521126761
0.04529616724738676
0.06624605678233439
0.06209150326797386
0.07407407407407407
0.026706231454005934
0.04792332268370607
0.06624605678233439
0.07357859531772576
0.02888086642599278
0.07586206896551724
0.04234527687296417
0.05228758169934641
0.048582995951417005
0.0851063829787234
0.0706713780918728
0.048859934853420196
0.04590163934426229
0.056291390728476824
0.05154639175257732
0.058419243986254296
0.05574912891986063
0.04182509505703422
0.016233766233766232
0.015822784810126583
0.03806228373702422
0.05172413793103448
0.021739130434782608
0.0149812734082397
0.035830618892508145
0.034220532319391636
0.02120141342756184
0.03806228373702422
0.0196078431372549
0.04710144927536232
0.03289473684210526
0.04304635761589404
0.01730103806228374
0.022508038585209004
0.030821917808219176
0.014134275618374558
0.04854368932038835
0.04059040590405904
0.010344827586206896
0.040955631399317405
0.02040816326530612
0.03409090909090909
0.0380952380952381
0.034722222222222224
0.0380952380952381
0.02413793103448276
0.016891891891891893
0.016025641025641024
0.025236593059936908
0.02631578947368421
0.017421602787456445
0.019672131147540985
0.02181818181818182
0.021538461538461538
0.026578073089700997
0.037037037037037035
0.014492753623188406
0.02903225806451613
0.03496503496503497
0.016835016835016835
0.02040816326530612
0.027491408934707903
0.02564102564102564
0.019230769230769232
0.01694915254237288
0.03767123287671233
0
0.0182370820668693
0.020066889632107024
0.010067114093959731
0.007017543859649123
0.024844720496894408
0.018691588785046728
0.017241379310344827
0.02422145328719723
0.0165016501650165
0.024054982817869417
0.027586206896551724
0.021806853582554516
0.022082018927444796
0.030395136778115502
0.016891891891891893
0.02364864864864865
0.025830258302583026
0.02346041055718475
0.029411764705882353
0.013157894736842105
0.032467532467532464
0.025806451612903226
0.018575851393188854
0.02287581699346405
0.035256410256410256
0.030927835051546393
0.025
0.03597122302158273
0.03594771241830065
0.027950310559006212
0.025
0.030821917808219176
0.03103448275862069
0.03986710963455149
0.03821656050955414
0.012618296529968454
0.02830188679245283
0.025806451612903226
0.033112582781456956
0.026845637583892617
0.03806228373702422
0.02348993288590604
0.03374233128834356
0
0.025547445255474453
0.0035842293906810036
0.016556291390728478
0.030211480362537766
0.020689655172413793
0.020833333333333332
0.02666666666666667
0.028938906752411574
0.0030959752321981426
0.029315960912052116
0.029850746268656716
0.04067796610169491
0.020066889632107024
0.015197568389057751
0.0220125786163522
0.02348993288590604
0.016611295681063124
0.019736842105263157
0.015209125475285171
0.006230529595015576
0.018292682926829267
0.036
0.018518518518518517
0.014234875444839857
0.0036101083032490976
0.024464831804281346
0.036101083032490974
0.013377926421404682
0.013201320132013201
0.006993006993006993
0.009900990099009901
0.012698412698412698
0.01048951048951049
0.016233766233766232
0.006309148264984227
0.006872852233676976
0.014492753623188406
0.010830324909747292
0.013377926421404682
0.025078369905956112
0.023809523809523808
0.013513513513513514
0.022950819672131147
0.014598540145985401
0.024896265560165973
0.009900990099009901
0.03289473684210526
0.02875399361022364
0.03296703296703297
0.03690036900369004
0.0429042904290429
0.022292993630573247
0.06583072100313479
0.05102040816326531
0.033003300330033
0.056962025316455694
0.041811846689895474
0.05198776758409786
0.04513888888888889
0.0311284046692607
0.028846153846153848
0.031746031746031744
0.024390243902439025
0.02922077922077922
0.05185185185185185
0.046762589928057555
0.058823529411764705
0.05161290322580645
0.08552631578947369
0.08282208588957055
0.052805280528052806
0.06845238095238096
0.05387205387205387
0.050793650793650794
0.04590163934426229
0.061224489795918366
0.052083333333333336
0.054140127388535034
0.058823529411764705
0.08247422680412371
0.0627062706270627
0.08955223880597014
0.07453416149068323
0.0529595015576324
0.034482758620689655
0.07407407407407407
0.04318936877076412
0.04819277108433735
0.030821917808219176
0.023411371237458192
0.02601156069364162
0.04054054054054054
0.021052631578947368
0.020066889632107024
0.04713804713804714
0.03536977491961415
0.13028169014084506
0.11148648648648649
0.1266233766233766
0.1291390728476821
0.14335664335664336
0.11805555555555555
0.1111111111111111
0.12
0.11746031746031746
0.12578616352201258
0.16612377850162866
0.11627906976744186
0.10725552050473186
0.11986301369863013
0.13131313131313133
0.10784313725490197
0.11384615384615385
0.12956810631229235
0.1206896551724138
0.12852664576802508
0.1391304347826087
0.11864406779661017
0.02631578947368421
0.034129692832764506
0.03735632183908046
0.0311284046692607
0.023972602739726026
0.04827586206896552
0.02909090909090909
0.04430379746835443
0.034129692832764506
0.04776119402985075
0.028125
0.016778523489932886
0.037037037037037035
0.029498525073746312
0.03115264797507788
0.04363636363636364
0.03514376996805112
0.02922077922077922
0.01644736842105263
0.032490974729241874
0.03254437869822485
0.04276315789473684
0.041237113402061855
0.052980132450331126
0.08754208754208755
0.05985915492957746
0.02952029520295203
0.04516129032258064
0.05166051660516605
0.04713804713804714
0.046357615894039736
0.052795031055900624
0.04643962848297214
0.04452054794520548
0.03934426229508197
0.04
0.020761245674740483
0.03333333333333333
0.04153354632587859
0.02476780185758514
0.03571428571428571
0.020338983050847456
0.05063291139240506
0.01384083044982699
0.037162162162162164
0.01875
0.03355704697986577
0.028070175438596492
0.0425531914893617
0.012944983818770227
0.020202020202020204
0.03793103448275862
0.03215434083601286
0.033783783783783786
0.0273972602739726
0.04487179487179487
0.027777777777777776
0.039603960396039604
0.02711864406779661
0.02572347266881029
0.0313588850174216
0.047619047619047616
0.03389830508474576
0.03597122302158273
0.06291390728476821
0.015772870662460567
0.040268456375838924
0.06440677966101695
0.041811846689895474
0.03134796238244514
0.06930693069306931
0.05357142857142857
0.06188925081433225
0.03058103975535168
0.0664451827242525
0.037037037037037035
0.043010752688172046
0.025974025974025976
0.04262295081967213
0.04225352112676056
0.056291390728476824
0.04814814814814815
0.052805280528052806
0.050335570469798654
0.047619047619047616
0.0625
0.040372670807453416
0.040955631399317405
0.03484320557491289
0.03806228373702422
0.03125
0.046583850931677016
0.04590163934426229
0.05698005698005698
0.03594771241830065
0.14705882352941177
0.06129032258064516
0.10749185667752444
0.09863945578231292
0.0960960960960961
0.11009174311926606
0.08813559322033898
0.10810810810810811
0.1094224924012158
0.11619718309859155
0.09183673469387756
0.1148036253776435
0.10588235294117647
0.13548387096774195
0.10915492957746478
0.047619047619047616
0.05460750853242321
0.03986710963455149
0.04332129963898917
0.03322259136212625
0.040880503144654086
0.038461538461538464
0.024054982817869417
0.021505376344086023
0.03184713375796178
0.030927835051546393
0.023333333333333334
0.04950495049504951
0.053763440860215055
0.023972602739726026
0.040498442367601244
0.29508196721311475
0.2747603833865815
0.32941176470588235
0.3263888888888889
0.2332155477031802
0.3288135593220339
0.3233333333333333
0.3281733746130031
0.2980769230769231
0.3363914373088685
0.288135593220339
0.2635135135135135
0.25925925925925924
0.3150684931506849
0.30293159609120524
0.2791519434628975
0.32608695652173914
0.014285714285714285
0.036065573770491806
0.02097902097902098
0.030927835051546393
0.020905923344947737
0.04878048780487805
0.022058823529411766
0.01020408163265306
0.026490066225165563
0.014234875444839857
0.021739130434782608
0.019736842105263157
0.022727272727272728
0.019169329073482427
0.025559105431309903
0.020066889632107024
0.04
0.040697674418604654
0.03802281368821293
0.01639344262295082
0.014925373134328358
0.014234875444839857
0.07308970099667775
0.03529411764705882
0.029508196721311476
0.026402640264026403
0.05338078291814947
0.024822695035460994
0.04794520547945205
0.03215434083601286
0.03571428571428571
0.042071197411003236
0.03514376996805112
0.057971014492753624
0.04129793510324484
0.05460750853242321
0.05821917808219178
0.03225806451612903
0.041666666666666664
0.04609929078014184
0.04946996466431095
0.06070287539936102
0.0711864406779661
0.08169934640522876
0.05782312925170068
0.05901639344262295
0.09965635738831616
0.08637873754152824
0.08637873754152824
0.037037037037037035
0.01818181818181818
0.030211480362537766
0.020134228187919462
0.04262295081967213
0.02364864864864865
0.02857142857142857
0.020618556701030927
0.017241379310344827
0.017421602787456445
0.034161490683229816
0.020905923344947737
0.018315018315018316
0.039473684210526314
0.013937282229965157
0.020618556701030927
0.034482758620689655
0.016339869281045753
0.02
0.04421768707482993
0.0231023102310231
0.027972027972027972
0.038461538461538464
0.01444043321299639
0.026239067055393587
0.029801324503311258
0.017543859649122806
0.05555555555555555
0.0440251572327044
0.021660649819494584
0.025936599423631124
0.052941176470588235
0.03823529411764706
0.060126582278481014
0.0231023102310231
0.031746031746031744
0.03322259136212625
0.03900709219858156
0.024922118380062305
0.0313588850174216
0.04304635761589404
0.02857142857142857
0.038834951456310676
0.019867549668874173
0.05714285714285714
0.056338028169014086
0.011235955056179775
0.12027491408934708
0.11926605504587157
0.13190184049079753
0.16423357664233576
0.16835016835016836
0.1414141414141414
0.15081967213114755
0.15202702702702703
0.14678899082568808
0.10181818181818182
0.12455516014234876
0.16013071895424835
0.12956810631229235
0.1360544217687075
0.14093959731543623
0.1423841059602649
0.1365079365079365
0.14779874213836477
0.12974683544303797
0.12903225806451613
0.03761755485893417
0.019933554817275746
0.028846153846153848
0.033003300330033
0.0625
0.06397306397306397
0.032362459546925564
0.02356902356902357
0.04529616724738676
0.029315960912052116
0.06143344709897611
0.047619047619047616
0.03125
0.04406779661016949
0.0436046511627907
0.033582089552238806
0.03761755485893417
0.05063291139240506
0.01020408163265306
0.049019607843137254
0.046357615894039736
0.023890784982935155
0.020527859237536656
0.020066889632107024
0.02922077922077922
0.0189873417721519
0.024305555555555556
0.014184397163120567
0.03571428571428571
0.028662420382165606
0.02413793103448276
0.016286644951140065
0.03202846975088968
0.019867549668874173
0.013377926421404682
0.019933554817275746
0.030405405405405407
0.02912621359223301
0.0243161094224924
0.031141868512110725
0.014035087719298246
0.009554140127388535
0.017605633802816902
0.006711409395973154
0.02097902097902098
0.043478260869565216
0.06060606060606061
0.03986710963455149
0.052
0.031545741324921134
0.05993690851735016
0.06418918918918919
0.0438871473354232
0.06315789473684211
0.06354515050167224
0.03666666666666667
0.07260726072607261
0.040880503144654086
0.054140127388535034
0.04501607717041801
0.04153354632587859
0.053003533568904596
0.05732484076433121
0.037162162162162164
0.02181818181818182
0.025
0.020477815699658702
0.013245033112582781
0.012618296529968454
0.014035087719298246
0.021052631578947368
0.033112582781456956
0.027972027972027972
0.03436426116838488
0.02120141342756184
0.017857142857142856
0.022508038585209004
0.026058631921824105
0.030927835051546393
0.02922077922077922
0.02258064516129032
0.034013605442176874
0.03225806451612903
0.029315960912052116
0.016611295681063124
0.03793103448275862
0.025974025974025976
0.06031746031746032
0.0425531914893617
0.022950819672131147
0.04436860068259386
0.02909090909090909
0.01904761904761905
0.014084507042253521
0.018018018018018018
0.018808777429467086
0.04854368932038835
0.01929260450160772
0.028268551236749116
0.03225806451612903
0.024242424242424242
0.02413793103448276
0.013513513513513514
0.054982817869415807
0.025
0.03741496598639456
0.022653721682847898
0.03785488958990536
0.010416666666666666
0.010344827586206896
0.026755852842809364
0.03115264797507788
0.013468013468013467
0.017123287671232876
0.02666666666666667
0.020905923344947737
0.010135135135135136
0.02280130293159609
0.0176678445229682
0.017421602787456445
0.022508038585209004
0.016611295681063124
0.026845637583892617
0.03691275167785235
0.02867383512544803
0.00684931506849315
0.02735562310030395
0.030534351145038167
0.04477611940298507
0.017482517482517484
0.030612244897959183
0.01948051948051948
0.04501607717041801
0.012461059190031152
0.023178807947019868
0.037162162162162164
0.03363914373088685
0.06028368794326241
0.029508196721311476
0.04482758620689655
0.03934426229508197
0.03237410071942446
0.04
0.03663003663003663
0.0136986301369863
0.0457516339869281
0.033444816053511704
0.023411371237458192
0.028169014084507043
0.012461059190031152
0.02962962962962963
0.031578947368421054
0.030534351145038167
0.05442176870748299
0.04242424242424243
0.017421602787456445
0.02666666666666667
0.04406779661016949
0.010033444816053512
0.028169014084507043
0.029940119760479042
0.03934426229508197
0.02112676056338028
0.024615384615384615
0.025889967637540454
0.02903225806451613
0.019543973941368076
0.022151898734177215
0.036734693877551024
0.027491408934707903
0.032467532467532464
0.03367003367003367
0.021352313167259787
0.02608695652173913
0.006993006993006993
0.03237410071942446
0.027777777777777776
0.024734982332155476
0.022364217252396165
0.01904761904761905
0.010238907849829351
0.03754266211604096
0.012658227848101266
0.03058103975535168
0.019543973941368076
0.03503184713375796
0.018404907975460124
0.022222222222222223
0.010452961672473868
0.027874564459930314
0.015873015873015872
0.018726591760299626
0.006993006993006993
0.02027027027027027
0.02356902356902357
0.019933554817275746
0.023411371237458192
0.00949367088607595
0.013289036544850499
0.014925373134328358
0.010135135135135136
0.012461059190031152
0.028938906752411574
0.014285714285714285
0.020618556701030927
0.01834862385321101
0.026755852842809364
0.22456140350877193
0.2556390977443609
0.2682119205298013
0.2222222222222222
0.2356902356902357
0.2611464968152866
0.22295081967213115
0.23
0.2585034013605442
0.26492537313432835
0.24482758620689654
0.23780487804878048
0.2480916030534351
0.20833333333333334
0.2523961661341853
0.24509803921568626
0.24381625441696114
0.23920265780730898
0.2581818181818182
0.2605633802816901
0.22142857142857142
0.23648648648648649
0.28214285714285714
0.20795107033639143
0.22324159021406728
0.2347266881028939
0.2491349480968858
0.027210884353741496
0.03260869565217391
0.03858520900321544
0.029605263157894735
0.02702702702702703
0.025559105431309903
0.02912621359223301
0.03793103448275862
0.02097902097902098
0.03225806451612903
0.041935483870967745
0.02112676056338028
0.025157232704402517
0.013888888888888888
0.04778156996587031
0.03115264797507788
0.045871559633027525
0.02857142857142857
0.035398230088495575
0.03773584905660377
0.04498269896193772
0.04697986577181208
0.05944055944055944
0.03536977491961415
0.032679738562091505
0.03436426116838488
0.04590163934426229
0.04421768707482993
0.03514376996805112
0.02867383512544803
0.06168831168831169
0.04854368932038835
0.049019607843137254
0.04643962848297214
0.03481012658227848
0.05063291139240506
0.04498269896193772
