0.3746130030959752
0.35664335664335667
0.3569023569023569
0.36423841059602646
0.36363636363636365
0.35947712418300654
0.38513513513513514
0.3286219081272085
0.37623762376237624
0.32996632996632996
0.31921824104234525
0.38580246913580246
0.3249211356466877
0.3673469387755102
0.3333333333333333
0.3448275862068966
0.3424657534246575
0.3716475095785441
0.3527272727272727
0.3689655172413793
0.3202846975088968
0.3581081081081081
0.4181184668989547
0.3422818791946309
0.3296296296296296
0.3935018050541516
0.3669064748201439
0.36177474402730375
0.3234323432343234
0.36451612903225805
0.3355048859934853
0.3344262295081967
0.2925170068027211
0.2983606557377049
0.3723076923076923
0.3141025641025641
0.40192926045016075
0.3194444444444444
0.3302180685358255
0.35185185185185186
0.3501577287066246
0.37349397590361444
0.29931972789115646
0.37623762376237624
0.3487654320987654
0.32517482517482516
0.35782747603833864
0.313588850174216
0.34967320261437906
0.3974358974358974
0.38387096774193546
0.3064516129032258
0.3434650455927052
0.37777777777777777
0.359375
0.33647798742138363
0.3785488958990536
0.3302180685358255
0.3373493975903614
0.3482758620689655
0.3859060402684564
0.3811188811188811
0.36585365853658536
0.33766233766233766
0.3277027027027027
0.36394557823129253
0.3344594594594595
0.36
0.3492063492063492
0.2952029520295203
0.35714285714285715
0.31954887218045114
0.3689655172413793
0.3470790378006873
0.3475609756097561
0.32974910394265233
0.3157894736842105
0.36507936507936506
0.3591549295774648
0.3890784982935154
0.39215686274509803
0.34210526315789475
0.29457364341085274
0.39705882352941174
0.3188854489164087
0.3881118881118881
0.3217993079584775
0.37888198757763975
0.3333333333333333
0.34767025089605735
0.3345724907063197
0.3241590214067278
0.3662420382165605
0.3519163763066202
0.32450331125827814
0.4
0.34539473684210525
0.3333333333333333
0.3633217993079585
0.32014388489208634
0.3152542372881356
0.38636363636363635
0.32646048109965636
0.3486238532110092
0.3504823151125402
0.36971830985915494
0.4
0.38943894389438943
0.3445692883895131
0.3741935483870968
0.3468013468013468
0.3554006968641115
0.3291139240506329
0.3630952380952381
0.3391812865497076
0.35555555555555557
0.31141868512110726
0.3836065573770492
0.3458904109589041
0.3512658227848101
0.3520710059171598
0.3385579937304075
0.3096085409252669
0.310580204778157
0.3490566037735849
0.3980891719745223
0.3333333333333333
0.3510971786833856
0.34532374100719426
0.3048327137546468
0.34276729559748426
0.38782051282051283
0.3674911660777385
0.33225806451612905
0.3576158940397351
0.3865814696485623
0.32978723404255317
0.375
0.3178294573643411
0.3763440860215054
0.34169278996865204
0.38321167883211676
0.3141891891891892
0.3851132686084142
0.3583061889250814
0.38047138047138046
0.3540983606557377
0.3769968051118211
0.3675496688741722
0.34415584415584416
0.3265993265993266
0.3442622950819672
0.34519572953736655
0.3242320819112628
0.3046594982078853
0.31715210355987056
0.3575757575757576
0.3246753246753247
0.33636363636363636
0.3142857142857143
0.4185303514376997
0.3382899628252788
0.31974921630094044
0.35494880546075086
0.30952380952380953
0.3583617747440273
0.38047138047138046
0.34256055363321797
0.3509933774834437
0.3333333333333333
0.36363636363636365
0.3424657534246575
0.3113207547169811
0.3087248322147651
0.3161512027491409
0.34375
0.3435374149659864
0.29607250755287007
0.3096774193548387
0.3460207612456747
0.3167259786476868
0.35161290322580646
0.3865814696485623
0.30272108843537415
0.3902439024390244
0.38
0.3404255319148936
0.3501683501683502
0.33440514469453375
0.392226148409894
0.3595890410958904
0.34831460674157305
0.3494809688581315
0.3784722222222222
0.3821656050955414
0.32592592592592595
0.3624161073825503
0.3825503355704698
0.32094594594594594
0.3240418118466899
0.3344947735191638
0.40384615384615385
0.3935483870967742
0.3166144200626959
0.3525423728813559
0.3642611683848797
0.30718954248366015
0.389937106918239
0.3274647887323944
0.336734693877551
0.3696369636963696
0.31790123456790126
0.3627450980392157
0.3517915309446254
0.39057239057239057
0.3795379537953795
0.33691756272401435
0.35251798561151076
0.338368580060423
0.3440514469453376
0.34824281150159747
0.34050179211469533
0.2692307692307692
0.3745928338762215
0.3541666666666667
0.3485342019543974
0.35842293906810035
0.34328358208955223
0.30985915492957744
0.35517241379310344
0.3247588424437299
0.36666666666666664
0.3926174496644295
0.2931596091205212
0.3588957055214724
0.36454849498327757
0.3918918918918919
0.3333333333333333
0.41044776119402987
0.4179566563467492
0.3892857142857143
0.33793103448275863
0.3992932862190813
0.25862068965517243
0.3212996389891697
0.30914826498422715
0.3867595818815331
0.32616487455197135
0.37341772151898733
0.3848797250859107
0.3717948717948718
0.32362459546925565
0.35563380281690143
0.31893687707641194
0.3517915309446254
0.3308550185873606
0.3288135593220339
0.3609271523178808
0.34265734265734266
0.32413793103448274
0.36769759450171824
0.32167832167832167
0.3412969283276451
0.4261744966442953
0.3249211356466877
0.3277027027027027
0.2787878787878788
0.3696369636963696
0.31386861313868614
0.38688524590163936
0.310580204778157
0.3682539682539683
0.38926174496644295
0.30944625407166126
0.3106796116504854
0.35563380281690143
0.36486486486486486
0.3872053872053872
0.28524590163934427
0.37333333333333335
0.3220338983050847
0.36271186440677966
0.31125827814569534
0.3381818181818182
0.3693379790940767
0.3227848101265823
0.3521594684385382
0.33980582524271846
0.36977491961414793
0.3511450381679389
0.35135135135135137
0.369281045751634
0.3804347826086957
0.3877551020408163
0.34519572953736655
0.3525423728813559
0.2976588628762542
0.38461538461538464
0.308411214953271
0.3345070422535211
0.2305194805194805
0.22033898305084745
0.20205479452054795
0.17763157894736842
0.19093851132686085
0.1987179487179487
0.21602787456445993
0.29285714285714287
0.17207792207792208
0.17993079584775087
0.1308411214953271
0.17437722419928825
0.19112627986348124
0.17993079584775087
0.1930379746835443
0.030959752321981424
0.0380952380952381
0.030405405405405407
0.010676156583629894
0.020689655172413793
0.022058823529411766
0.03333333333333333
0
0.009708737864077669
0.038338658146964855
0.03225806451612903
0.03536977491961415
0.017241379310344827
0.020202020202020204
0.041935483870967745
0.006535947712418301
0.028846153846153848
0.020477815699658702
0.016778523489932886
0.0182370820668693
0.018518518518518517
0.016181229773462782
0.10320284697508897
0.09508196721311475
0.08813559322033898
0.09219858156028368
0.08917197452229299
0.08637873754152824
0.12186379928315412
0.0931899641577061
0.09259259259259259
0.10091743119266056
0.07191780821917808
0.05934718100890208
0.1069182389937107
0.28719723183391005
0.2652439024390244
0.29411764705882354
0.28859060402684567
0.2673611111111111
0.2313167259786477
0.28776978417266186
0.2773972602739726
0.24271844660194175
0.2916666666666667
0.23157894736842105
0.24579124579124578
0.22185430463576158
0.2797427652733119
0.27848101265822783
0.2739273927392739
0.26618705035971224
0.22950819672131148
0.28523489932885904
0.027777777777777776
0.020761245674740483
0.019736842105263157
0.03436426116838488
0.037267080745341616
0.031446540880503145
0.02564102564102564
0.026143790849673203
0.028125
0.026845637583892617
0.03900709219858156
0.020905923344947737
0.027586206896551724
0.03289473684210526
0.017361111111111112
0.028368794326241134
0.022082018927444796
0.022058823529411766
0.06375838926174497
0.027303754266211604
0.04792332268370607
0.08080808080808081
0.0711864406779661
0.026022304832713755
0.043795620437956206
0.07076923076923076
0.07394366197183098
0.05537459283387622
0.06840390879478828
0.051470588235294115
0.06481481481481481
0.07836990595611286
0.10666666666666667
0.08163265306122448
0.06896551724137931
0.08196721311475409
0.11301369863013698
0.0950920245398773
0.07836990595611286
0.08463949843260188
0.09253731343283582
0.09764309764309764
0.09584664536741214
0.08259587020648967
0.09395973154362416
0.07958477508650519
0.0761904761904762
0.0712166172106825
0.10921501706484642
0.09427609427609428
0.0950920245398773
0.05016722408026756
0.08496732026143791
0.08163265306122448
0.07023411371237458
0.06
0.06130268199233716
0.07604562737642585
0.07076923076923076
0.0668693009118541
0.02666666666666667
0.020761245674740483
0.00974025974025974
0.016181229773462782
0.016025641025641024
0.02572347266881029
0.010869565217391304
0.003436426116838488
0.03134796238244514
0.006230529595015576
0.02702702702702703
0.009966777408637873
0.020134228187919462
0.018575851393188854
0.019933554817275746
0.020689655172413793
0.019417475728155338
0.007142857142857143
0.012658227848101266
0.012658227848101266
0.01718213058419244
0.016722408026755852
0.026402640264026403
0.03424657534246575
0.05405405405405406
0.01892744479495268
0.07023411371237458
0.04421768707482993
0.05154639175257732
0.03793103448275862
0.032679738562091505
0.06498194945848375
0.041666666666666664
0.026706231454005934
0.04391891891891892
0.07720588235294118
0.020761245674740483
0.06228373702422145
0.0380952380952381
0.03806228373702422
0.038461538461538464
0.026936026936026935
0.06109324758842444
0.035483870967741936
0.04406779661016949
0.03571428571428571
0.02531645569620253
0.030405405405405407
0.0231023102310231
0.025454545454545455
0.010416666666666666
0.04747774480712166
0.03767123287671233
0.036303630363036306
0.021875
0.018072289156626505
0.022950819672131147
0.013114754098360656
0.030927835051546393
0.02356902356902357
0.02356902356902357
0.022222222222222223
0.026402640264026403
0.03666666666666667
0.017421602787456445
0.0273972602739726
0.017793594306049824
0.013605442176870748
0.07368421052631578
0.06885245901639345
0.10526315789473684
0.07420494699646643
0.08108108108108109
0.04013377926421405
0.07191780821917808
0.05466237942122187
0.07051282051282051
0.05448717948717949
0.07165109034267912
0.0759493670886076
0.061016949152542375
0.052795031055900624
0.08445945945945946
0.041811846689895474
0.05017921146953405
0.0707395498392283
0.054313099041533544
0.04778156996587031
0.0664451827242525
0.06862745098039216
0.10507246376811594
0.059800664451827246
0.05016722408026756
0.07612456747404844
0.05423728813559322
0.0812720848056537
0.05415162454873646
0.06418918918918919
0.06506849315068493
0.07920792079207921
0.07419354838709677
0.07457627118644068
0.06756756756756757
0.09090909090909091
0.08873720136518772
0.061224489795918366
0.06472491909385113
0.07236842105263158
0.016778523489932886
0.03691275167785235
0.02711864406779661
0.01948051948051948
0.01818181818181818
0.006060606060606061
0.013071895424836602
0.016181229773462782
0.03237410071942446
0.03618421052631579
0.02867383512544803
0.019736842105263157
0.017064846416382253
0.03934426229508197
0.029315960912052116
0.03125
0.024822695035460994
0.010830324909747292
0.042682926829268296
0.0449438202247191
0.03819444444444445
0.0472972972972973
0.017793594306049824
0.040498442367601244
0.04844290657439446
0.06070287539936102
0.046296296296296294
0.04559270516717325
0.038461538461538464
0.02830188679245283
0.06779661016949153
0.037037037037037035
0.05211726384364821
0.03470031545741325
0.046357615894039736
0.03374233128834356
0.02821316614420063
0.020066889632107024
0.029508196721311476
0.020833333333333332
0.029508196721311476
0.019011406844106463
0.020477815699658702
0.015625
0.026022304832713755
0.019543973941368076
0.010380622837370242
0.019672131147540985
0.019933554817275746
0.009375
0.03323262839879154
0.020134228187919462
0.023255813953488372
0.012903225806451613
0.03125
0.01639344262295082
0.030405405405405407
0.028481012658227847
0.03691275167785235
0.027491408934707903
0.028391167192429023
0.009615384615384616
0.013559322033898305
0.030534351145038167
0.03273809523809524
0.03484320557491289
0.03470031545741325
0.06529209621993128
0.044585987261146494
0.06578947368421052
0.05333333333333334
0.05084745762711865
0.033210332103321034
0.0599250936329588
0.05177993527508091
0.043859649122807015
0.03715170278637771
0.04827586206896552
0.02875399361022364
0.05351170568561873
0.05806451612903226
0.05521472392638037
0.041666666666666664
0.044444444444444446
0.025157232704402517
0.019867549668874173
0.02877697841726619
0.011904761904761904
0.018796992481203006
0.0220125786163522
0.00909090909090909
0.022292993630573247
0.02097902097902098
0.013071895424836602
0.030508474576271188
0.03237410071942446
0.0297029702970297
0.0176678445229682
0.023026315789473683
0.026143790849673203
0.014134275618374558
0.025089605734767026
0.029850746268656716
0.030100334448160536
0.013071895424836602
0.029315960912052116
0.04081632653061224
0.024734982332155476
0.0273972602739726
0.019933554817275746
0.021739130434782608
0.03125
0.006622516556291391
0.014234875444839857
0.024242424242424242
0.009966777408637873
0.017361111111111112
0.03514376996805112
0.026615969581749048
0.023411371237458192
0.034013605442176874
0.027972027972027972
0.017006802721088437
0.024691358024691357
0.0033333333333333335
0.022082018927444796
0.0035211267605633804
0.046511627906976744
0.02952029520295203
0.02666666666666667
0.008902077151335312
0.02564102564102564
0.02903225806451613
0.02413793103448276
0.00949367088607595
0.026845637583892617
0.022364217252396165
0.012121212121212121
0.2305194805194805
0.2078853046594982
0.2197452229299363
0.17770034843205576
0.23183391003460208
0.2525597269624573
0.1602787456445993
0.21052631578947367
0.23030303030303031
0.25752508361204013
0.20422535211267606
0.22789115646258504
0.20136518771331058
0.19814241486068113
0.20382165605095542
0.24444444444444444
0.24358974358974358
0.19256756756756757
0.23824451410658307
0.22653721682847897
0.21245421245421245
0.2323943661971831
0.18855218855218855
0.2356687898089172
0.016025641025641024
0.033003300330033
0.01644736842105263
0.016181229773462782
0.030201342281879196
0.016233766233766232
0.045307443365695796
0.017064846416382253
0.017123287671232876
0.023809523809523808
0.01904761904761905
0.0313588850174216
0.006369426751592357
0.01639344262295082
0.016722408026755852
0.031141868512110725
0.020477815699658702
0.013157894736842105
0.03308823529411765
0.012307692307692308
0
0.0297029702970297
0.017985611510791366
0.012195121951219513
0.010416666666666666
0.013745704467353952
0.017985611510791366
0.009584664536741214
0.021212121212121213
0.017421602787456445
0.026865671641791045
0.029900332225913623
0.02464788732394366
0.023809523809523808
0.010526315789473684
0.003355704697986577
0.030927835051546393
0.0379746835443038
0.02564102564102564
0.03134796238244514
0.034013605442176874
0.027692307692307693
0.05466237942122187
0.027210884353741496
0.029605263157894735
0.04406779661016949
0.027972027972027972
0.020833333333333332
0.03546099290780142
0.048484848484848485
0.07894736842105263
0.115625
0.08754208754208755
0.08074534161490683
0.09556313993174062
0.109375
0.06872852233676977
0.07796610169491526
0.08424908424908426
0.08888888888888889
0.07954545454545454
0.08552631578947369
0.0975609756097561
0.059233449477351915
0.09698996655518395
0.08945686900958466
0.07142857142857142
0.0851063829787234
0.05574912891986063
0.11455108359133127
0.09859154929577464
0.3079470198675497
0.2948717948717949
0.3460207612456747
0.32038834951456313
0.25245901639344265
0.3055555555555556
0.2992957746478873
0.2775800711743772
0.27217125382262997
0.3137254901960784
0.31962025316455694
0.3194888178913738
0.26299694189602446
0.3127147766323024
0.2857142857142857
0.37142857142857144
0.2524271844660194
0.302491103202847
0.2787456445993031
0.043478260869565216
0.043333333333333335
0.04929577464788732
0.03986710963455149
0.040625
0.040293040293040296
0.04560260586319218
0.035211267605633804
0.037383177570093455
0.030508474576271188
0.051194539249146756
0.031578947368421054
0.036303630363036306
0.04377104377104377
0.0353356890459364
0.06514657980456026
0.04819277108433735
0.029801324503311258
0.05063291139240506
0.05423728813559322
0.030405405405405407
0.2276923076923077
0.2111801242236025
0.2558922558922559
0.22044728434504793
0.21328671328671328
0.1873015873015873
0.19655172413793104
0.20359281437125748
0.2027491408934708
0.24161073825503357
0.2082018927444795
0.24013157894736842
0.19117647058823528
0.22491349480968859
0.23417721518987342
0.2118380062305296
0.24516129032258063
0.21779141104294478
0.1884498480243161
0.19615384615384615
0.22727272727272727
0.1971326164874552
0.2059800664451827
0.19310344827586207
0.21779141104294478
0.042483660130718956
0.03614457831325301
0.030303030303030304
0.017921146953405017
0.01875
0.027439024390243903
0.03503184713375796
0.006944444444444444
0.03103448275862069
0.039473684210526314
0.04452054794520548
0.02912621359223301
0.013793103448275862
0.03503184713375796
0.042483660130718956
0.026058631921824105
0.03180212014134275
0.021897810218978103
0.04697986577181208
0.029411764705882353
0.042071197411003236
0.01935483870967742
0.08710801393728224
0.017361111111111112
0.026058631921824105
0.03484320557491289
0.052307692307692305
0.035211267605633804
0.0231023102310231
0.015772870662460567
0.010309278350515464
0.023411371237458192
0.021052631578947368
0.02564102564102564
0.029508196721311476
0.0196078431372549
0.029605263157894735
0.0273972602739726
0.01597444089456869
0.01904761904761905
0.019933554817275746
0.018656716417910446
0.022222222222222223
0.024054982817869417
0.022222222222222223
0.03146853146853147
0.030612244897959183
0.024054982817869417
0.029900332225913623
0.02097902097902098
0.025089605734767026
0.026058631921824105
0.03169014084507042
0.013468013468013467
0.016129032258064516
0.02922077922077922
0.01567398119122257
0.02527075812274368
0.013029315960912053
0.024822695035460994
0.01592356687898089
0.022082018927444796
0.02875399361022364
0.02922077922077922
0.010526315789473684
0.029900332225913623
0.024922118380062305
0.026143790849673203
0.013605442176870748
0.023728813559322035
0.012779552715654952
0.023728813559322035
0.021352313167259787
0.006734006734006734
0.009259259259259259
0.029605263157894735
0.013289036544850499
0.006872852233676976
0.020689655172413793
0.02197802197802198
0.012987012987012988
0.0189873417721519
0.015037593984962405
0.021406727828746176
0.02054794520547945
0.034013605442176874
0.033003300330033
0.02456140350877193
0.016556291390728478
0.015444015444015444
0.013114754098360656
0.021875
0.023809523809523808
0.01929260450160772
0.013377926421404682
0.012738853503184714
0.013986013986013986
0.013986013986013986
0.06766917293233082
0.10452961672473868
0.08664259927797834
0.11764705882352941
0.11960132890365449
0.11392405063291139
0.14067278287461774
0.11042944785276074
0.12043795620437957
0.11077844311377245
0.11447811447811448
0.10461538461538461
0.14527027027027026
0.10069444444444445
0.1111111111111111
0.04262295081967213
0.020338983050847456
0.042071197411003236
0.07357859531772576
0.05136986301369863
0.05405405405405406
0.03806228373702422
0.041666666666666664
0.05202312138728324
0.051094890510948905
0.053763440860215055
0.05821917808219178
0.06164383561643835
0.03559870550161812
0.03896103896103896
0.0547945205479452
0.05964912280701754
0.04113924050632911
0.23765432098765432
0.22591362126245848
0.2367601246105919
0.2598684210526316
0.1986062717770035
0.23283582089552238
0.24822695035460993
0.24834437086092714
0.25177304964539005
0.238562091503268
0.24600638977635783
0.2620481927710843
0.24820143884892087
0.24482758620689654
0.23303834808259588
0.2789115646258503
0.23564954682779457
0.2676056338028169
0.2331288343558282
0.2857142857142857
0.08282208588957055
0.06741573033707865
0.053003533568904596
0.078125
0.07272727272727272
0.057971014492753624
0.059006211180124224
0.06620209059233449
0.03873239436619718
0.03333333333333333
0.05214723926380368
0.07482993197278912
0.08469055374592833
0.05519480519480519
0.058419243986254296
0.05863192182410423
0.04436860068259386
0.05714285714285714
0.05396825396825397
0.076158940397351
0.07220216606498195
0.19601328903654486
0.19756838905775076
0.1958762886597938
0.18151815181518152
0.20521172638436483
0.22188449848024316
0.20447284345047922
0.2413793103448276
0.19594594594594594
0.15753424657534246
0.21843003412969283
0.1881918819188192
0.1986970684039088
0.19771863117870722
0.2090032154340836
0.17266187050359713
0.2978723404255319
0.30194805194805197
0.31475409836065577
0.3164983164983165
0.2857142857142857
0.2834890965732087
0.33448275862068966
0.32075471698113206
0.3
0.2305194805194805
0.3220338983050847
0.29699248120300753
0.3079710144927536
0.28
0.2994011976047904
0.025089605734767026
0.03214285714285714
0.03103448275862069
0.046357615894039736
0.04040404040404041
0.033003300330033
0.026058631921824105
0.017123287671232876
0.043343653250773995
0.024096385542168676
0.03278688524590164
0.03880597014925373
0.027586206896551724
0.025
0.03691275167785235
0.04778156996587031
