0.3626760563380282
0.31338028169014087
0.34915254237288135
0.3087719298245614
0.3837638376383764
0.3474025974025974
0.3433333333333333
0.3560371517027864
0.3321554770318021
0.3343949044585987
0.34105960264900664
0.3558282208588957
0.34868421052631576
0.3729903536977492
0.3353658536585366
0.3443708609271523
0.3238993710691824
0.39100346020761245
0.30743243243243246
0.3175182481751825
0.3436426116838488
0.32371794871794873
0.3895705521472393
0.3776978417266187
0.3364485981308411
0.3402061855670103
0.3149847094801223
0.3472222222222222
0.35986159169550175
0.3951048951048951
0.35737704918032787
0.30067567567567566
0.32298136645962733
0.38333333333333336
0.33559322033898303
0.33986928104575165
0.3776978417266187
0.31629392971246006
0.3944636678200692
0.3215339233038348
0.34169278996865204
0.3268608414239482
0.36792452830188677
0.3684210526315789
0.3746130030959752
0.3746130030959752
0.308868501529052
0.3374233128834356
0.35988200589970504
0.36633663366336633
0.3848684210526316
0.43086816720257237
0.34219269102990035
0.35172413793103446
0.2972027972027972
0.3333333333333333
0.3333333333333333
0.3853820598006645
0.33121019108280253
0.3569023569023569
0.3225806451612903
0.37012987012987014
0.3159722222222222
0.33222591362126247
0.3047945205479452
0.326984126984127
0.378839590443686
0.35785953177257523
0.3569023569023569
0.35144927536231885
0.3824561403508772
0.32894736842105265
0.3581081081081081
0.3202846975088968
0.38311688311688313
0.32371794871794873
0.38275862068965516
0.3895131086142322
0.36769759450171824
0.3929824561403509
0.3523489932885906
0.32621951219512196
0.27960526315789475
0.31761006289308175
0.3730886850152905
0.35294117647058826
0.4
0.3368421052631579
0.3872832369942196
0.3896551724137931
0.32967032967032966
0.336734693877551
0.3916083916083916
0.3311897106109325
0.3322884012539185
0.335423197492163
0.3449367088607595
0.3896551724137931
0.35714285714285715
0.37630662020905925
0.2912621359223301
0.30434782608695654
0.35374149659863946
0.2828282828282828
0.37545126353790614
0.34890965732087226
0.3953488372093023
0.3611111111111111
0.3421828908554572
0.29245283018867924
0.2951388888888889
0.38666666666666666
0.36908517350157727
0.3569023569023569
0.40066225165562913
0.375
0.3673469387755102
0.3482758620689655
0.321656050955414
0.3569023569023569
0.3815789473684211
0.35766423357664234
0.3698630136986301
0.3724832214765101
0.3758169934640523
0.2996632996632997
0.31761006289308175
0.34890965732087226
0.3627760252365931
0.36577181208053694
0.29118773946360155
0.3623693379790941
0.33980582524271846
0.35379061371841153
0.3111111111111111
0.3233333333333333
0.3562091503267974
0.3741721854304636
0.3597122302158273
0.3890784982935154
0.3611111111111111
0.3931888544891641
0.35251798561151076
0.326984126984127
0.3605015673981191
0.3695652173913043
0.3219178082191781
0.3344947735191638
0.36101083032490977
0.3716012084592145
0.3321917808219178
0.3716216216216216
0.3400673400673401
0.34516129032258064
0.359375
0.36054421768707484
0.3333333333333333
0.35555555555555557
0.33858267716535434
0.3388704318936877
0.3536977491961415
0.3517915309446254
0.35081967213114756
0.37898089171974525
0.40460526315789475
0.34627831715210355
0.3300653594771242
0.39087947882736157
0.3712374581939799
0.30618892508143325
0.33125
0.3404255319148936
0.31208053691275167
0.3463855421686747
0.34494773519163763
0.35172413793103446
0.35668789808917195
0.3707165109034268
0.37216828478964403
0.34545454545454546
0.283987915407855
0.375
0.34782608695652173
0.28668941979522183
0.3519736842105263
0.34935897435897434
0.31386861313868614
0.3829787234042553
0.33986928104575165
0.3741935483870968
0.3707165109034268
0.3782894736842105
0.3561643835616438
0.33554817275747506
0.34890965732087226
0.40217391304347827
0.32463768115942027
0.34296028880866425
0.3256578947368421
0.33559322033898303
0.3333333333333333
0.3651877133105802
0.28923076923076924
0.36451612903225805
0.3602693602693603
0.3821656050955414
0.30743243243243246
0.358695652173913
0.296551724137931
0.34967320261437906
0.40716612377850164
0.35144927536231885
0.3366013071895425
0.3644578313253012
0.32646048109965636
0.36807817589576547
0.4078014184397163
0.3435114503816794
0.3302752293577982
0.36577181208053694
0.3724832214765101
0.3829113924050633
0.35313531353135313
0.3047945205479452
0.3768545994065282
0.3920265780730897
0.36619718309859156
0.3198757763975155
0.35526315789473684
0.36363636363636365
0.369281045751634
0.4013605442176871
0.36688311688311687
0.40836012861736337
0.30916030534351147
0.3880597014925373
0.3853503184713376
0.29936305732484075
0.33807829181494664
0.3656957928802589
0.3449367088607595
0.37666666666666665
0.3471698113207547
0.4092664092664093
0.3422818791946309
0.38768115942028986
0.3415384615384615
0.37681159420289856
0.3708609271523179
0.3375796178343949
0.3536977491961415
0.3301282051282051
0.3311897106109325
0.34441087613293053
0.35988200589970504
0.34726688102893893
0.37012987012987014
0.35333333333333333
0.3923611111111111
0.32075471698113206
0.3442622950819672
0.3180327868852459
0.36363636363636365
0.370253164556962
0.35906040268456374
0.3649122807017544
0.31399317406143346
0.36824324324324326
0.3137254901960784
0.36271186440677966
0.35855263157894735
0.3411764705882353
0.3713355048859935
0.3525423728813559
0.34441087613293053
0.375
0.37966101694915255
0.36217948717948717
0.37237237237237236
0.3613707165109034
0.34576271186440677
0.40273037542662116
0.32459016393442625
0.3505535055350554
0.3333333333333333
0.36769759450171824
0.3536977491961415
0.36809815950920244
0.40119760479041916
0.3125
0.3592233009708738
0.3567073170731707
0.40061162079510704
0.33134328358208953
0.3087248322147651
0.3225806451612903
0.3258064516129032
0.3219814241486068
0.30407523510971785
0.3787878787878788
0.033003300330033
0.02040816326530612
0.03225806451612903
0.02464788732394366
0.042105263157894736
0.023728813559322035
0.013745704467353952
0.020202020202020204
0.016556291390728478
0.009433962264150943
0.02922077922077922
0.030821917808219176
0.018726591760299626
0.01090909090909091
0.0189873417721519
0.02027027027027027
0.020689655172413793
0.02422145328719723
0.020761245674740483
0.02040816326530612
0.009584664536741214
0.012779552715654952
0.039473684210526314
0.033783783783783786
0.026936026936026935
0.025889967637540454
0.006153846153846154
0.02922077922077922
0.025454545454545455
0.043478260869565216
0.046762589928057555
0.0429042904290429
0.03728813559322034
0.043333333333333335
0.04482758620689655
0.04406779661016949
0.025362318840579712
0.05136986301369863
0.06168831168831169
0.04040404040404041
0.041176470588235294
0.05448717948717949
0.030405405405405407
0.0297029702970297
0.04501607717041801
0.03666666666666667
0.03666666666666667
0.043478260869565216
0.04861111111111111
0.038869257950530034
0.046511627906976744
0.06430868167202572
0.05228758169934641
0.05673758865248227
0.07333333333333333
0.04929577464788732
0.07931034482758621
0.04560260586319218
0.06993006993006994
0.05
0.05723905723905724
0.05405405405405406
0.05844155844155844
0.06666666666666667
0.060897435897435896
0.04361370716510903
0.05019305019305019
0.057692307692307696
0.059602649006622516
0.04697986577181208
0.0707395498392283
0.07119741100323625
0.08441558441558442
0.060810810810810814
0.050473186119873815
0.014035087719298246
0.02346041055718475
0.02247191011235955
0.03363914373088685
0.02040816326530612
0.014619883040935672
0.02830188679245283
0.014285714285714285
0.028037383177570093
0.031007751937984496
0.027874564459930314
0.030100334448160536
0.022058823529411766
0.02564102564102564
0.03345724907063197
0.034055727554179564
0.018115942028985508
0.025396825396825397
0.03333333333333333
0.017985611510791366
0.02666666666666667
0.020338983050847456
0.038461538461538464
0.014084507042253521
0.019169329073482427
0.016286644951140065
0.013513513513513514
0.013745704467353952
0.020477815699658702
0.009966777408637873
0.003484320557491289
0.012578616352201259
0.03289473684210526
0.011152416356877323
0.006920415224913495
0.01048951048951049
0.20618556701030927
0.20064724919093851
0.189873417721519
0.1750841750841751
0.19047619047619047
0.1856060606060606
0.21122112211221122
0.25539568345323743
0.20141342756183744
0.2145214521452145
0.21498371335504887
0.24742268041237114
0.23
0.221875
0.1875
0.2214765100671141
0.23510971786833856
0.2135593220338983
0.24914675767918087
0.0990990990990991
0.15862068965517243
0.13503649635036497
0.11589403973509933
0.10749185667752444
0.1527777777777778
0.11513157894736842
0.15073529411764705
0.11469534050179211
0.12650602409638553
0.11564625850340136
0.11604095563139932
0.13680781758957655
0.1828358208955224
0.25732899022801303
0.20307692307692307
0.24742268041237114
0.2694805194805195
0.24834437086092714
0.26666666666666666
0.19801980198019803
0.23809523809523808
0.23003194888178913
0.22857142857142856
0.26129032258064516
0.1958762886597938
0.17132867132867133
0.22183098591549297
0.23310810810810811
0.22491349480968859
0.2158273381294964
0.19141914191419143
0.22666666666666666
0.25517241379310346
0.22372881355932203
0.2605633802816901
0.21694915254237288
0.22549019607843138
0.2206896551724138
0.2647058823529412
0.24825174825174826
0.23278688524590163
0.025974025974025976
0.04142011834319527
0.06390977443609022
0.03819444444444445
0.030821917808219176
0.0364963503649635
0.030405405405405407
0.03496503496503497
0.029197080291970802
0.0392156862745098
0.04452054794520548
0.02735562310030395
0.03257328990228013
0.04040404040404041
0.04040404040404041
0.035256410256410256
0.041666666666666664
0.033444816053511704
0.037800687285223365
0.049079754601226995
0.07308970099667775
0.0705521472392638
0.0547945205479452
0.0729483282674772
0.0711743772241993
0.06542056074766354
0.06666666666666667
0.07667731629392971
0.054380664652567974
0.05154639175257732
0.07508532423208192
0.075
0.05016722408026756
0.06028368794326241
0.05
0.052434456928838954
0.07801418439716312
0.07166123778501629
0.07913669064748201
0.08088235294117647
0.08163265306122448
0.07885304659498207
0.07894736842105263
0.05860805860805861
0.05466237942122187
0.020761245674740483
0.039603960396039604
0.02903225806451613
0.026845637583892617
0.07482993197278912
0.032679738562091505
0.035842293906810034
0.05226480836236934
0.02711864406779661
0.016722408026755852
0.042483660130718956
0.03690036900369004
0.0547945205479452
0.04220779220779221
0.0539568345323741
0.025
0.0273972602739726
0.02622950819672131
0.020202020202020204
0.02702702702702703
0.027972027972027972
0.01773049645390071
0.015209125475285171
0.012779552715654952
0.019736842105263157
0.03353658536585366
0.04777070063694268
0.016778523489932886
0.02888086642599278
0.012861736334405145
0.010380622837370242
0.013157894736842105
0.014134275618374558
0.019867549668874173
0.0035842293906810036
0.020338983050847456
0.035211267605633804
0.03257328990228013
0.02702702702702703
0.025089605734767026
0.028662420382165606
0.02711864406779661
0.021897810218978103
0.03322259136212625
0.036303630363036306
0.026865671641791045
0.041666666666666664
0.028846153846153848
0.015151515151515152
0.032467532467532464
0.011235955056179775
0.023972602739726026
0.03278688524590164
0.01607717041800643
0.02622950819672131
0.027303754266211604
0.013745704467353952
0.028391167192429023
0.048109965635738834
0.02768166089965398
0.029900332225913623
0.020905923344947737
0.021739130434782608
0.02867383512544803
0.02702702702702703
0.022058823529411766
0.033962264150943396
0.025477707006369428
0.022292993630573247
0.03503184713375796
0.036065573770491806
0.03481012658227848
0.0498220640569395
0.02464788732394366
0.034482758620689655
0.026578073089700997
0.02464788732394366
0.030211480362537766
0.02786377708978328
0.023255813953488372
0.015037593984962405
0.03470031545741325
0.037037037037037035
0.029508196721311476
0.03666666666666667
0.028662420382165606
0.03484320557491289
0.01592356687898089
0.03470031545741325
0.010676156583629894
0.025559105431309903
0.01639344262295082
0.027491408934707903
0.03374233128834356
0.025735294117647058
0.01718213058419244
0.030100334448160536
0.03558718861209965
0.00946372239747634
0.1829652996845426
0.15644171779141106
0.23174603174603176
0.17049180327868851
0.21942446043165467
0.1753846153846154
0.2598187311178248
0.21818181818181817
0.19753086419753085
0.21405750798722045
0.24172185430463577
0.23780487804878048
0.18861209964412812
0.20689655172413793
0.19375
0.1875
0.20270270270270271
0.2041522491349481
0.22393822393822393
0.2
0.19571865443425077
0.20634920634920634
0.20860927152317882
0.05338078291814947
0.039568345323741004
0.03594771241830065
0.013559322033898305
0.03374233128834356
0.027972027972027972
0.043795620437956206
0.029900332225913623
0.05
0.0353356890459364
0.02622950819672131
0.02711864406779661
0.03355704697986577
0.05956112852664577
0.029197080291970802
0.035256410256410256
0.029315960912052116
0.18243243243243243
0.1793103448275862
0.18571428571428572
0.21794871794871795
0.2138157894736842
0.21804511278195488
0.20462046204620463
0.18430034129692832
0.2214765100671141
0.20863309352517986
0.22781065088757396
0.22295081967213115
0.25170068027210885
0.22413793103448276
0.20689655172413793
0.20205479452054795
0.2376237623762376
0.23452768729641693
0.19298245614035087
0.17689530685920576
0.2236842105263158
0.02877697841726619
0.023076923076923078
0.016835016835016835
0.031141868512110725
0.027777777777777776
0.028169014084507043
0.023972602739726026
0.019672131147540985
0.020905923344947737
0.045936395759717315
0.019867549668874173
0.025157232704402517
0.019672131147540985
0.030120481927710843
0.03666666666666667
0.03205128205128205
0.029801324503311258
0.006802721088435374
0.020477815699658702
0.03115264797507788
0.016611295681063124
0.01694915254237288
0.02572347266881029
0.013245033112582781
0.03785488958990536
0.016778523489932886
0.017921146953405017
0.021739130434782608
0.018796992481203006
0.01557632398753894
0.03205128205128205
0.021739130434782608
0.017482517482517484
0.02142857142857143
0.32459016393442625
0.3720136518771331
0.3289036544850498
0.3248407643312102
0.3146067415730337
0.30633802816901406
0.34105960264900664
0.3098159509202454
0.2874617737003058
0.31561461794019935
0.2789115646258503
0.29856115107913667
0.33226837060702874
0.31384615384615383
0.32616487455197135
0.423728813559322
0.3275862068965517
0.2777777777777778
0.33986928104575165
0.2624113475177305
0.3205574912891986
0.3010033444816054
0.31543624161073824
0.3642611683848797
0.2634920634920635
0.3181818181818182
0.32131147540983607
0.31208053691275167
0.010067114093959731
0.017482517482517484
0.014035087719298246
0.027303754266211604
0.010948905109489052
0.0231023102310231
0.022435897435897436
0.016666666666666666
0.013513513513513514
0.01812688821752266
0.006172839506172839
0.02040816326530612
0.010752688172043012
0.010309278350515464
0.019543973941368076
0.013605442176870748
0.028037383177570093
0.00964630225080386
0.013201320132013201
0.029850746268656716
0.028169014084507043
0.010676156583629894
0.06428571428571428
0.04938271604938271
0.020958083832335328
0.05917159763313609
0.06624605678233439
0.05263157894736842
0.0625
0.07142857142857142
0.07861635220125786
0.07829181494661921
0.05434782608695652
0.06293706293706294
0.06646525679758308
0.037037037037037035
0.05787781350482315
0.066006600660066
0.06752411575562701
0.038338658146964855
0.08833922261484099
0.04452054794520548
0.07418397626112759
0.06557377049180328
0.07272727272727272
0.045454545454545456
0.037800687285223365
0.053003533568904596
0.0429042904290429
0.05016722408026756
0.04281345565749235
0.040625
0.04895104895104895
0.049689440993788817
0.030821917808219176
0.02158273381294964
0.022364217252396165
0.0472972972972973
0.030201342281879196
0.01694915254237288
0.041666666666666664
0.045454545454545456
0.0425531914893617
0.03202846975088968
0.020338983050847456
0.029605263157894735
0.030612244897959183
0.02711864406779661
0.019801980198019802
0.007246376811594203
0.029801324503311258
0.018050541516245487
0.025179856115107913
0.02857142857142857
0.022364217252396165
0.003205128205128205
0.01195219123505976
0.009966777408637873
0.01557632398753894
0.01834862385321101
0.019801980198019802
0.013513513513513514
0.01282051282051282
0.017361111111111112
0.2087912087912088
0.25874125874125875
0.19736842105263158
0.21428571428571427
0.19727891156462585
0.22857142857142856
0.18471337579617833
0.2126984126984127
0.20640569395017794
0.14487632508833923
0.20557491289198607
0.22115384615384615
0.16610169491525423
0.1955128205128205
0.20422535211267606
0.22875816993464052
0.17229729729729729
0.19798657718120805
0.15841584158415842
0.16774193548387098
0.18613138686131386
0.18122977346278318
0.23178807947019867
0.17266187050359713
0.21568627450980393
0.23684210526315788
0.18466898954703834
0.18983050847457628
0.14556962025316456
0.2
0.19805194805194806
0.18627450980392157
0.17525773195876287
0.2012779552715655
0.2292358803986711
0.17956656346749225
0.2
0.2152317880794702
0.21254355400696864
0.2119205298013245
0.19488817891373802
0.022151898734177215
0.014084507042253521
0.02346041055718475
0.031545741324921134
0.01607717041800643
0.011194029850746268
0.018292682926829267
0.018575851393188854
0.02
0.009836065573770493
0.016025641025641024
0.015384615384615385
0.022727272727272728
0.01694915254237288
0.02932551319648094
0.010067114093959731
0.010101010101010102
0.019867549668874173
0.017006802721088437
0.03180212014134275
0.028037383177570093
0.02572347266881029
0.0220125786163522
0.03383458646616541
0.0392156862745098
0.027303754266211604
0.025078369905956112
0.022364217252396165
0.020905923344947737
0.017241379310344827
0.017006802721088437
0.024922118380062305
0.02027027027027027
0.018404907975460124
0.025
0.017006802721088437
0.017361111111111112
0.01773049645390071
0.03666666666666667
0.015772870662460567
0.03383458646616541
0.026143790849673203
0.00964630225080386
0.02464788732394366
0.030303030303030304
0.027491408934707903
0.016339869281045753
0.0243161094224924
0.013605442176870748
0.035211267605633804
0.02702702702702703
0.03761755485893417
0.03424657534246575
0.2694805194805195
0.2367601246105919
0.19927536231884058
0.27631578947368424
0.24820143884892087
0.26618705035971224
0.23841059602649006
0.21107266435986158
0.2795031055900621
0.2979452054794521
0.2255892255892256
0.2554517133956386
0.29508196721311475
0.31561461794019935
0.26148409893992935
0.2773722627737226
0.29141104294478526
0.26174496644295303
0.24175824175824176
0.3010033444816054
0.28807947019867547
0.2837370242214533
0.2848101265822785
0.26229508196721313
0.2809364548494983
0.2375
0.31
0.24509803921568626
0.3003533568904594
0.2901023890784983
0.27364864864864863
0.2553191489361702
0.2435064935064935
0.2951388888888889
0.2620481927710843
0.3088235294117647
0.246875
0.28903654485049834
0.2560553633217993
0.23076923076923078
0.2508361204013378
0.009230769230769232
0.024691358024691357
0.025889967637540454
0.027777777777777776
0.01824817518248175
0.024024024024024024
0.016556291390728478
0.026058631921824105
0.016666666666666666
0.02711864406779661
0.18394648829431437
0.1950354609929078
0.22344322344322345
0.22330097087378642
0.2159468438538206
0.2152777777777778
0.20761245674740483
0.23106060606060605
0.1746031746031746
0.23178807947019867
0.2014388489208633
0.22955974842767296
0.19732441471571907
0.22330097087378642
0.1962962962962963
0.19637462235649547
0.16614420062695925
0.18181818181818182
0.20068027210884354
0.19601328903654486
0.16718266253869968
0.019801980198019802
0.03492063492063492
0.036231884057971016
0.009554140127388535
0.02768166089965398
0.019801980198019802
0.007220216606498195
0.029801324503311258
0.013029315960912053
0.014492753623188406
0.010416666666666666
0.022950819672131147
0.013986013986013986
0.010526315789473684
0.02027027027027027
0.024691358024691357
0.07308970099667775
0.023728813559322035
0.05185185185185185
0.07142857142857142
0.0457516339869281
0.05319148936170213
0.04416403785488959
0.060897435897435896
0.06153846153846154
0.04918032786885246
0.05723905723905724
0.04276315789473684
0.03666666666666667
0.032846715328467155
0.04513888888888889
0.060897435897435896
0.04777070063694268
0.03180212014134275
0.048109965635738834
0.046511627906976744
0.05263157894736842
0.04304635761589404
0.030201342281879196
0.03058103975535168
0.02147239263803681
0.027303754266211604
0.0176678445229682
0.03103448275862069
0.012987012987012988
0.03389830508474576
0.027586206896551724
0.028469750889679714
0.028169014084507043
0.03289473684210526
0.028985507246376812
0.026490066225165563
0.026402640264026403
0.03676470588235294
0.02622950819672131
0.016339869281045753
0.013201320132013201
0.03076923076923077
0.013245033112582781
0.024922118380062305
0.025547445255474453
0.007042253521126761
0.015479876160990712
0.02491103202846975
0.030612244897959183
0.01910828025477707
0.00967741935483871
0.020905923344947737
0.025396825396825397
0.012345679012345678
0.02108433734939759
0.027586206896551724
0.013468013468013467
0.010067114093959731
0.016181229773462782
0.021806853582554516
0.028037383177570093
0.017921146953405017
0.013245033112582781
0.018808777429467086
0.009202453987730062
0.02287581699346405
0.00980392156862745
0.07
0.0970873786407767
0.061855670103092786
0.06315789473684211
0.05704697986577181
0.061855670103092786
0.0802675585284281
0.10559006211180125
0.1095890410958904
0.09183673469387756
0.0706713780918728
0.09797297297297297
0.06968641114982578
0.06918238993710692
0.0914826498422713
0.039285714285714285
0.05161290322580645
0.12080536912751678
0.06129032258064516
0.04984423676012461
0.0231023102310231
0.014035087719298246
0.026578073089700997
0.04693140794223827
0.04513888888888889
0.024922118380062305
0.02527075812274368
0.03
0.01048951048951049
0.02967359050445104
0.03125
0.03460207612456748
0.014134275618374558
0.016233766233766232
0.01948051948051948
0.03424657534246575
0.030211480362537766
0.052805280528052806
0.22929936305732485
0.2135593220338983
0.21766561514195584
0.23920265780730898
0.21587301587301588
0.24281150159744408
0.2555205047318612
0.18333333333333332
0.21241830065359477
0.21474358974358973
0.2222222222222222
0.2053872053872054
0.225
0.18421052631578946
0.2226148409893993
0.23588039867109634
0.23367697594501718
0.2028985507246377
0.2572347266881029
0.24509803921568626
0.22569444444444445
0.21766561514195584
0.20394736842105263
0.21428571428571427
0.2607260726072607
0.20727272727272728
0.2696245733788396
0.2508833922261484
0.024475524475524476
0.012903225806451613
0.016835016835016835
0.016666666666666666
0.03180212014134275
0.0196078431372549
0.020477815699658702
0.006430868167202572
0.027586206896551724
0.024734982332155476
0.03169014084507042
0.017985611510791366
0.010033444816053512
0.028037383177570093
0.012698412698412698
0.014044943820224719
0.009615384615384616
0.021875
0.038834951456310676
0.010033444816053512
0.0182370820668693
0.024464831804281346
0.017482517482517484
