0.214041095890411
0.0744493150684932
0.0652315068493151
0.195694520547945
0.278368493150685
0.0543602739726027
0.218469863013699
0.0805808219178082
0.375305479452055
0.488778082191781
0.311332876712329
0.132094520547945
0.408987671232877
0.0784821917808219
0.296804109589041
0.342465753424658
0.418569863013699
0.108146575342466
0.46863698630137
0.534580821917808
0.0423671232876712
0.232387671232877
0.29257397260274
0.244942465753425
0.0878123287671233
0.365864383561644
0.487435616438356
0.383561643835616
0.0713164383561644
0.148898630136986
0.263435616438356
0.0752671232876712
0.0720986301369863
0.214498630136986
0.127604109589041
0.132567123287671
0.0496328767123288
0.152206849315069
0.114154794520548
0.0496835616438356
0.38527397260274
0.259443835616438
0.056841095890411
0.299458904109589
0.191780821917808
0.428082191780822
0.0865178082191781
0.0942821917808219
0.112283561643836
0.188946575342466
0.110472602739726
0.285387671232877
0.11821095890411
0.484294520547945
0.519602739726027
0.0767767123287671
0.342465753424658
0.122309589041096
0.0640123287671233
0.306686301369863
0.451864383561644
0.0496328767123288
0.0970767123287671
0.0706109589041096
0.46088904109589
0.377208219178082
0.293938356164384
0.268817808219178
0.284509589041096
0.0617986301369863
0.0856164383561644
0.0464356164383562
0.237047945205479
0.516505479452055
0.157094520547945
0.249065753424658
0.342465753424658
0.116309589041096
0.0496328767123288
0.0708082191780822
0.0590452054794521
0.684931506849315
0.406890410958904
0.193391780821918
0.112283561643836
0.0522849315068493
0.273972602739726
0.165160273972603
0.436939726027397
0.257697260273973
0.154661643835616
0.0691849315068493
0.0815397260273973
0.0664986301369863
0.0642123287671233
0.296364383561644
0.276606849315069
0.543964383561644
0.0830219178082192
0.266856164383562
0.0552369863013699
0.32543698630137
0.302950684931507
0.291730136986301
0.313767123287671
0.0761041095890411
0.137971232876712
0.167056164383562
0.0472369863013699
0.0807958904109589
0.412835616438356
0.0684931506849315
0.504686301369863
0.066113698630137
0.046913698630137
0.342465753424658
0.437856164383562
0.301175342465753
0.546595890410959
0.0750616438356164
0.0825219178082192
0.273972602739726
0.0485767123287671
0.246575342465753
0.0838684931506849
0.148898630136986
0.136986301369863
0.130295890410959
0.300138356164384
0.0628383561643836
0.128424657534247
0.144782191780822
0.349752054794521
0.381864383561644
0.479452054794521
0.242186301369863
0.145730136986301
0.0698904109589041
0.251241095890411
0.487754794520548
0.0698904109589041
0.494049315068493
0.284646575342466
0.0614904109589041
0.366424657534247
0.171232876712329
0.261302739726027
0.133180821917808
0.254286301369863
0.148898630136986
0.0434876712328767
0.0905369863013699
0.278427397260274
0.265002739726027
0.118545205479452
0.21772602739726
0.241384931506849
0.237558904109589
0.0957739726027397
0.302950684931507
0.0482342465753425
0.251021917808219
0.161160273972603
0.102080821917808
0.0744493150684932
0.452187671232877
0.265586301369863
0.374838356164384
0.0671506849315068
0.315068493150685
0.0482342465753425
0.402901369863014
0.061154794520548
0.406678082191781
0.202942465753425
0.474978082191781
0.352638356164384
0.112420547945205
0.087172602739726
0.0475643835616438
0.508464383561644
0.534898630136986
0.0456616438356164
0.693183561643836
0.0735493150684932
0.330234246575343
0.274634246575342
0.0761041095890411
0.0484616438356164
0.111197260273973
0.0646164383561644
0.0496328767123288
0.323006849315069
0.0684931506849315
0.0608821917808219
0.171232876712329
0.4369
0.605287671232877
0.587083561643836
0.051113698630137
0.345079452054795
0.537541095890411
0.0673698630136986
0.208741095890411
0.742009589041096
0.0606904109589041
0.351246575342466
0.12662602739726
0.352638356164384
0.0752671232876712
0.114154794520548
0.39138904109589
0.482964383561644
0.279709589041096
0.251606849315068
0.131717808219178
0.0521849315068493
0.255078082191781
0.276124657534247
0.0728643835616438
0.507465753424657
0.299657534246575
0.321602739726027
0.302239726027397
0.281447945205479
0.341112328767123
0.100724657534247
0.084558904109589
0.122309589041096
0.11576301369863
0.403749315068493
0.0678150684931507
0.636393150684932
0.243246575342466
0.373598630136986
0.13383698630137
0.0698904109589041
0.103682191780822
0.319116438356164
0.755439726027397
0.0821917808219178
0.377208219178082
0.869335616438356
0.0662835616438356
0.0984328767123288
0.159286301369863
0.0628383561643836
0.0555356164383562
0.558091780821918
0.345443835616438
0.0691849315068493
0.119731506849315
0.317649315068493
0.0600821917808219
0.595979452054795
0.0825219178082192
0.122309589041096
0.0615671232876712
0.171232876712329
0.111069863013699
0.119552054794521
0.108719178082192
0.173016438356164
0.207554794520548
0.0502698630136986
0.0428082191780822
0.39138904109589
0.0539315068493151
0.16252602739726
0.0628383561643836
0.691393150684931
0.376712328767123
0.2158
0.338238356164384
0.116090410958904
0.0930972602739726
0.0713465753424657
0.0640123287671233
0.0446698630136986
0.319634246575343
0.255571232876712
0.0742698630136986
0.0547945205479452
0.0622671232876712
0.475646575342466
0.36221095890411
0.221595890410959
0.168228767123288
0.285208219178082
0.110472602739726
0.602486301369863
0.325052054794521
0.370421917808219
0.200091780821918
0.090613698630137
0.397884931506849
0.234834246575342
0.135183561643836
0.419345205479452
0.0992657534246575
0.0789219178082192
0.0778328767123288
0.230571232876712
0.711617808219178
0.336004109589041
0.219854794520548
0.159286301369863
0.39138904109589
0.314698630136986
0.366735616438356
0.248287671232877
0.331650684931507
0.22831095890411
0.0996260273972603
0.358468493150685
0.101861643835616
0.473887671232877
0.0385383561643836
0.0561424657534247
0.443190410958904
0.402901369863014
0.509308219178082
0.180245205479452
0.245872602739726
0.084558904109589
0.269898630136986
0.265880821917808
0.0815397260273973
0.0775904109589041
0.4043
0.0958506849315069
0.0886383561643836
0.263435616438356
0.055286301369863
0.0501780821917808
0.242760273972603
0.173950684931507
0.0930972602739726
0.175623287671233
0.463986301369863
0.478715068493151
0.174876712328767
0.459260273972603
0.285042465753425
0.0720986301369863
0.153016438356164
0.0970315068493151
0.0845041095890411
0.0865178082191781
0.053272602739726
0.0513698630136986
0.658119178082192
0.328767123287671
0.21717397260274
0.469667123287671
0.0684931506849315
0.087172602739726
0.0815397260273973
0.0776438356164384
0.0870356164383562
0.0657849315068493
0.0642123287671233
0.0494054794520548
0.058541095890411
0.0543602739726027
0.0880232876712329
0.273972602739726
0.0578821917808219
0.0684931506849315
0.148093150684932
0.234319178082192
0.0664986301369863
0.395878082191781
0.395738356164384
0.279291780821918
0.329460273972603
0.373598630136986
0.0691849315068493
0.507927397260274
0.313927397260274
0.214041095890411
0.146771232876712
0.294350684931507
0.377893150684932
0.0726438356164384
0.0501164383561644
0.0474260273972603
0.0792479452054795
0.112124657534247
0.316121917808219
0.148898630136986
0.356164383561644
0.052113698630137
0.129691780821918
0.438887671232877
0.171232876712329
0.195694520547945
0.0502041095890411
0.255708219178082
0.307038356164384
0.0978479452054795
0.291938356164384
0.31418904109589
0.467757534246575
0.092558904109589
0.0552369863013699
0.285387671232877
0.0878123287671233
0.303664383561644
0.0467
0.0964698630136986
0.150534246575342
0.148898630136986
0.403453424657534
0.376712328767123
0.270367123287671
0.237957534246575
0.059558904109589
0.0856164383561644
0.278253424657534
0.182647945205479
0.347734246575343
0.0522643835616438
0.0675835616438356
0.0968589041095891
0.530691780821918
0.0825219178082192
0.277234246575342
0.0883780821917808
0.684931506849315
0.0646164383561644
0.12267397260274
0.373598630136986
0.0944739726027397
0.634195890410959
0.0767493150684932
0.289778082191781
0.0852356164383562
0.0518890410958904
0.415409589041096
0.246947945205479
0.319634246575343
0.36261095890411
0.0901219178082192
0.0702493150684931
0.0883780821917808
0.249065753424658
0.507356164383562
0.273972602739726
0.615998630136986
0.3081
0.136986301369863
0.38267397260274
0.0913246575342466
0.356164383561644
0.301783561643836
0.288528767123288
0.203338356164384
0.456620547945205
0.406539726027397
0.363680821917808
0.102739726027397
0.173557534246575
0.107020547945205
0.049513698630137
0.303165753424658
0.357356164383562
0.0678150684931507
0.271504109589041
0.324201369863014
0.395239726027397
0.357356164383562
0.270167123287671
0.0459684931506849
0.0613369863013699
0.047441095890411
0.253678082191781
0.230505479452055
0.520934246575342
0.0591301369863014
0.0530958904109589
0.484517808219178
0.0706109589041096
0.456620547945205
0.235445205479452
0.0580452054794521
0.122890410958904
0.166605479452055
0.0706109589041096
0.0647178082191781
0.0321369863013699
0.0983315068493151
0.477067123287671
0.413464383561644
0.0732315068493151
0.245872602739726
0.325512328767123
0.116090410958904
0.0992657534246575
0.0761041095890411
0.0673698630136986
0.311797260273973
0.298201369863014
0.0600821917808219
0.11502602739726
0.396539726027397
0.0706109589041096
0.0761041095890411
0.101471232876712
0.143253424657534
0.0666753424657534
0.0538712328767123
0.377261643835616
0.456620547945205
0.0646164383561644
0.142694520547945
0.307786301369863
0.406393150684932
0.0465945205479452
0.294594520547945
0.320524657534247
0.326157534246575
0.31491095890411
0.0622671232876712
0.329782191780822
0.508028767123288
0.103778082191781
0.411854794520548
0.0518890410958904
0.567515068493151
0.107020547945205
0.191780821917808
0.493150684931507
0.059558904109589
0.0684931506849315
0.460772602739726
0.289369863013699
0.49873698630137
0.0813780821917808
0.334854794520548
0.0670561643835616
0.317649315068493
0.484720547945205
0.270961643835616
0.327039726027397
0.0642123287671233
0.0640123287671233
0.0719260273972603
0.0847342465753425
0.35877397260274
0.0985287671232877
0.0523986301369863
0.144195890410959
0.108719178082192
0.0587082191780822
0.0547945205479452
0.23823698630137
0.194015068493151
0.0826945205479452
0.0580452054794521
0.335179452054795
0.0913246575342466
0.131717808219178
0.0934
0.325190410958904
0.0415109589041096
0.324441095890411
0.042327397260274
0.167056164383562
0.216294520547945
0.100234246575342
0.111069863013699
0.0446698630136986
0.198269863013699
0.0805808219178082
0.0964698630136986
0.136986301369863
0.0537205479452055
0.123730136986301
0.459882191780822
0.180245205479452
0.10537397260274
0.0835287671232877
0.466998630136986
0.241482191780822
0.100724657534247
0.0539315068493151
0.537634246575343
0.270961643835616
0.220945205479452
0.48198904109589
0.465753424657534
0.280198630136986
0.247957534246575
0.126839726027397
0.22831095890411
0.163079452054795
0.406580821917808
0.241741095890411
0.110472602739726
0.0638013698630137
0.0835287671232877
0.567991780821918
0.0501643835616438
0.0600821917808219
0.499950684931507
0.0467
0.265476712328767
0.657534246575342
0.357356164383562
0.2312
0.275961643835616
0.282702739726027
0.164383561643836
0.0507356164383562
0.280408219178082
0.368023287671233
0.163079452054795
0.0521849315068493
0.0808972602739726
0.116939726027397
0.295047945205479
0.0895684931506849
0.0529520547945206
0.049786301369863
0.0510506849315068
0.507356164383562
0.0634191780821918
0.0698904109589041
0.060613698630137
0.280709589041096
0.0547945205479452
0.40823698630137
0.0646164383561644
0.524746575342466
0.0379205479452055
0.0727356164383562
0.118091780821918
0.104228767123288
0.131717808219178
0.056186301369863
0.0684931506849315
0.39138904109589
0.0530958904109589
0.444279452054795
0.0580452054794521
0.102228767123288
0.356164383561644
0.0964698630136986
0.451490410958904
0.195694520547945
0.311332876712329
0.29018904109589
0.359090410958904
0.0931356164383562
0.0570780821917808
0.368809589041096
0.142694520547945
0.465487671232877
0.187247945205479
0.184404109589041
0.43362602739726
0.0630479452054795
0.0930972602739726
0.481082191780822
0.334854794520548
0.0660178082191781
0.129582191780822
0.046913698630137
0.084558904109589
0.0892
0.0775397260273973
0.22831095890411
0.0706109589041096
0.13046301369863
0.360490410958904
0.291460273972603
0.105743835616438
0.092558904109589
0.0713465753424657
0.0507356164383562
0.0809465753424658
0.0399547945205479
0.0860301369863014
0.318106849315068
0.0933150684931507
0.328195890410959
0.268884931506849
0.261658904109589
0.0951287671232877
0.0691849315068493
0.312802739726027
0.0778328767123288
0.200467123287671
0.188946575342466
0.377893150684932
0.182647945205479
0.0715958904109589
0.395738356164384
0.298990410958904
0.109882191780822
0.113368493150685
0.0566054794520548
0.0575821917808219
0.234834246575342
0.31097397260274
0.213090410958904
0.0901219178082192
0.272812328767123
0.307669863013699
0.095186301369863
0.240906849315068
0.104369863013699
0.0796438356164384
0.143615068493151
0.547945205479452
0.363869863013699
0.0647178082191781
0.152206849315069
0.266617808219178
0.0932671232876712
0.049813698630137
0.1115
0.142587671232877
0.315039726027397
0.254858904109589
0.263435616438356
0.305442465753425
0.089827397260274
0.252343835616438
0.11576301369863
0.253678082191781
0.0914767123287671
0.274686301369863
0.0581369863013699
0.0856164383561644
0.287228767123288
0.49676301369863
0.112978082191781
0.402593150684932
0.0482342465753425
0.122771232876712
0.142694520547945
0.0944739726027397
0.0990958904109589
0.084558904109589
0.366927397260274
0.243039726027397
0.202942465753425
0.0503630136986301
0.248669863013699
0.132793150684931
0.051113698630137
0.306086301369863
0.1049
0.262772602739726
0.462275342465753
0.0514506849315069
0.0632246575342466
0.0684931506849315
0.236183561643836
0.0938260273972603
0.0702493150684931
0.0684931506849315
0.117416438356164
0.0652315068493151
0.0671506849315068
0.0690684931506849
0.0617054794520548
0.153342465753425
0.0459684931506849
0.296186301369863
0.0475095890410959
0.0647178082191781
0.482924657534247
0.30321095890411
0.0944739726027397
0.0547945205479452
0.435865753424658
0.589041095890411
0.241172602739726
0.38897397260274
0.0978479452054795
0.251706849315068
0.131898630136986
0.266272602739726
0.0539315068493151
0.0926972602739726
0.0428082191780822
0.0535095890410959
0.0503630136986301
0.305891780821918
0.0938260273972603
0.0519383561643836
0.220156164383562
0.0370232876712329
0.477376712328767
0.0514986301369863
0.0547945205479452
0.117023287671233
0.123041095890411
0.241741095890411
0.0646547945205479
0.465753424657534
0.210747945205479
0.0913246575342466
0.405145205479452
0.68978904109589
0.51832602739726
0.369124657534247
0.352250684931507
0.26767397260274
0.277234246575342
0.10537397260274
0.285387671232877
0.0872315068493151
0.108146575342466
0.14488904109589
0.0456616438356164
0.304413698630137
0.0797972602739726
0.0727027397260274
0.175860273972603
0.155079452054795
0.0754054794520548
0.185116438356164
0.425741095890411
0.0821917808219178
0.20176301369863
0.061154794520548
0.0744493150684932
0.0907972602739726
0.165328767123288
0.11986301369863
0.1734
0.450097260273973
0.0976424657534247
0.164028767123288
0.204105479452055
0.139782191780822
0.0825219178082192
0.0463232876712329
0.371487671232877
0.281478082191781
0.229608219178082
0.179756164383562
0.206957534246575
0.40151095890411
0.445617808219178
0.0918342465753425
0.376249315068493
0.161160273972603
0.38527397260274
0.336852054794521
0.432587671232877
0.0613369863013699
0.178678082191781
0.253678082191781
0.163079452054795
0.778331506849315
0.061154794520548
0.416567123287671
0.0544315068493151
0.201584931506849
0.0761041095890411
0.354730136986301
0.12016301369863
0.068986301369863
0.442571232876712
0.0640123287671233
0.216294520547945
0.311332876712329
0.282252054794521
0.0389794520547945
0.0691849315068493
0.313709589041096
0.0951287671232877
0.0622671232876712
0.330045205479452
0.19263698630137
0.152206849315069
0.465753424657534
0.073058904109589
0.0664986301369863
0.112383561643836
0.0555356164383562
0.182647945205479
0.375734246575342
0.0608821917808219
0.0575575342465753
0.309904109589041
0.291520547945205
0.0754054794520548
0.0752671232876712
0.365297260273973
0.0842506849315069
0.126839726027397
0.0664986301369863
0.296402739726027
0.301068493150685
0.278253424657534
0.0969246575342466
0.357594520547945
0.101621917808219
0.0993260273972603
0.230228767123288
0.410958904109589
0.0801095890410959
0.249975342465753
0.103386301369863
0.0461753424657534
0.0856164383561644
0.371271232876712
0.136986301369863
0.425130136986301
0.0556849315068493
0.396539726027397
0.108719178082192
0.56126301369863
0.282669863013699
0.108928767123288
0.0870671232876712
0.119517808219178
