0.34459459459459457
0.36428571428571427
0.3522012578616352
0.38666666666666666
0.36538461538461536
0.36363636363636365
0.367816091954023
0.3353658536585366
0.3142857142857143
0.34285714285714286
0.32413793103448274
0.3625
0.32167832167832167
0.44505494505494503
0.34265734265734266
0.2857142857142857
0.33548387096774196
0.3116883116883117
0.37254901960784315
0.373015873015873
0.3228346456692913
0.35251798561151076
0.41496598639455784
0.33098591549295775
0.3473053892215569
0.3288590604026846
0.3787878787878788
0.3969465648854962
0.38823529411764707
0.35714285714285715
0.3197278911564626
0.3142857142857143
0.3851851851851852
0.427536231884058
0.35294117647058826
0.3592814371257485
0.3050847457627119
0.33695652173913043
0.3231707317073171
0.37583892617449666
0.34375
0.3793103448275862
0.3357664233576642
0.38311688311688313
0.31333333333333335
0.363013698630137
0.33783783783783783
0.3582089552238806
0.3333333333333333
0.4041095890410959
0.3191489361702128
0.35664335664335667
0.3392857142857143
0.35036496350364965
0.36363636363636365
0.2654320987654321
0.3353658536585366
0.4097222222222222
0.3333333333333333
0.3609467455621302
0.3262411347517731
0.3116883116883117
0.29411764705882354
0.4090909090909091
0.37748344370860926
0.2689075630252101
0.31125827814569534
0.3782051282051282
0.3181818181818182
0.3435114503816794
0.33774834437086093
0.3333333333333333
0.3716216216216216
0.3333333333333333
0.358974358974359
0.3902439024390244
0.35185185185185186
0.31210191082802546
0.3485714285714286
0.3223684210526316
0.3
0.3668639053254438
0.4090909090909091
0.4303030303030303
0.3656716417910448
0.3333333333333333
0.3668639053254438
0.37333333333333335
0.3558282208588957
0.33116883116883117
0.34782608695652173
0.3225806451612903
0.3717948717948718
0.35947712418300654
0.44155844155844154
0.3353658536585366
0.4068965517241379
0.3181818181818182
0.35714285714285715
0.3581081081081081
0.4230769230769231
0.33098591549295775
0.36134453781512604
0.42857142857142855
0.37662337662337664
0.3333333333333333
0.38953488372093026
0.3561643835616438
0.29012345679012347
0.39490445859872614
0.3617021276595745
0.3630573248407643
0.3464052287581699
0.3116883116883117
0.35802469135802467
0.3235294117647059
0.37719298245614036
0.33793103448275863
0.45161290322580644
0.3411764705882353
0.3727810650887574
0.3263888888888889
0.3558282208588957
0.3509933774834437
0.3558282208588957
0.33557046979865773
0.30538922155688625
0.3380281690140845
0.29333333333333333
0.42276422764227645
0.41875
0.29931972789115646
0.3076923076923077
0.3082191780821918
0.3445378151260504
0.28125
0.36363636363636365
0.35526315789473684
0.36419753086419754
0.32413793103448274
0.445859872611465
0.3219178082191781
0.37888198757763975
0.38
0.34507042253521125
0.3419354838709677
0.2953020134228188
0.362962962962963
0.4
0.2518518518518518
0.27586206896551724
0.3493975903614458
0.3355263157894737
0.38345864661654133
0.3305785123966942
0.2967741935483871
0.35658914728682173
0.3732394366197183
0.43448275862068964
0.34306569343065696
0.39215686274509803
0.3254437869822485
0.2925170068027211
0.3825503355704698
0.29577464788732394
0.3559322033898305
0.3770491803278688
0.4074074074074074
0.3333333333333333
0.3741496598639456
0.36363636363636365
0.4304635761589404
0.42567567567567566
0.38271604938271603
0.3780487804878049
0.36419753086419754
0.35428571428571426
0.2814814814814815
0.3588235294117647
0.3561643835616438
0.40131578947368424
0.30434782608695654
0.3873239436619718
0.2953020134228188
0.2982456140350877
0.3710691823899371
0.3575757575757576
0.32075471698113206
0.312
0.32075471698113206
0.3515625
0.34810126582278483
0.36054421768707484
0.3197278911564626
0.3624161073825503
0.32592592592592595
0.35
0.31756756756756754
0.4296875
0.3333333333333333
0.3419354838709677
0.37410071942446044
0.32727272727272727
0.3333333333333333
0.3142857142857143
0.40540540540540543
0.3515151515151515
0.38028169014084506
0.4146341463414634
0.33793103448275863
0.34502923976608185
0.3081395348837209
0.367816091954023
0.3875
0.3860759493670886
0.291044776119403
0.3284671532846715
0.32167832167832167
0.37254901960784315
0.35714285714285715
0.3142857142857143
0.34459459459459457
0.3945578231292517
0.40350877192982454
0.32608695652173914
0.3885350318471338
0.2805755395683453
0.31851851851851853
0.40397350993377484
0.39285714285714285
0.36257309941520466
0.38636363636363635
0.358974358974359
0.35772357723577236
0.33125
0.27631578947368424
0.3597122302158273
0.2949640287769784
0.33774834437086093
0.3170731707317073
0.2624113475177305
0.34375
0.35668789808917195
0.358974358974359
0.2589928057553957
0.29411764705882354
0.2714285714285714
0.33766233766233766
0.3473053892215569
0.3393939393939394
0.31496062992125984
0.3374233128834356
0.34810126582278483
0.32653061224489793
0.4125874125874126
0.3402777777777778
0.35403726708074534
0.34545454545454546
0.35668789808917195
0.3422818791946309
0.3356643356643357
0.3310810810810811
0.38323353293413176
0.31007751937984496
0.4015748031496063
0.2746478873239437
0.3223684210526316
0.32051282051282054
0.3888888888888889
0.35443037974683544
0.32666666666666666
0.40441176470588236
0.3841059602649007
0.3125
0.3184713375796178
0.3381294964028777
0.27941176470588236
0.41420118343195267
0.30612244897959184
0.323943661971831
0.32167832167832167
0.2857142857142857
0.34057971014492755
0.3961038961038961
0.2733812949640288
0.3624161073825503
0.34459459459459457
0.2605633802816901
0.35795454545454547
0.34
0.4097222222222222
0.3708609271523179
0.3904109589041096
0.38095238095238093
0.39156626506024095
0.3310344827586207
0.31092436974789917
0.32075471698113206
0.35664335664335667
0.33116883116883117
0.14393939393939395
0.2482758620689655
0.20149253731343283
0.14838709677419354
0.23841059602649006
0.15942028985507245
0.2052980132450331
0.15151515151515152
0.1656441717791411
0.22695035460992907
0.1830065359477124
0.18125
0.17791411042944785
0.1927710843373494
0.2013888888888889
0.16993464052287582
0.17266187050359713
0.18840579710144928
0.2631578947368421
0.1958041958041958
0.22641509433962265
0.20634920634920634
0.16312056737588654
0.22580645161290322
0.21323529411764705
0.1791907514450867
0.1232876712328767
0.17857142857142858
0.1875
0.19205298013245034
0.18543046357615894
0.17105263157894737
0.21568627450980393
0.23841059602649006
0.16025641025641027
0.20625
0.19607843137254902
0.16923076923076924
0.058394160583941604
0.06
0.043795620437956206
0.025157232704402517
0.02027027027027027
0.02702702702702703
0.03787878787878788
0.04054054054054054
0.018518518518518517
0.027586206896551724
0.02962962962962963
0.015748031496062992
0.02040816326530612
0.0189873417721519
0.15789473684210525
0.1282051282051282
0.14728682170542637
0.2138364779874214
0.14814814814814814
0.13793103448275862
0.12080536912751678
0.1282051282051282
0.12413793103448276
0.16546762589928057
0.16339869281045752
0.10967741935483871
0.15942028985507245
0.14184397163120568
0.11695906432748537
0.15827338129496402
0.13970588235294118
0.12345679012345678
0.11486486486486487
0.14375
0.1464968152866242
0.15950920245398773
0.18238993710691823
0.11851851851851852
0.13970588235294118
0.10975609756097561
0.1724137931034483
0.176056338028169
0.11842105263157894
0.11038961038961038
0.10273972602739725
0.03597122302158273
0.0472972972972973
0.046052631578947366
0.026143790849673203
0.05660377358490566
0.04487179487179487
0.07971014492753623
0.0546448087431694
0.051470588235294115
0.05223880597014925
0.05128205128205128
0.007142857142857143
0.05555555555555555
0.0425531914893617
0.034013605442176874
0.05063291139240506
0.041666666666666664
0.12056737588652482
0.1625
0.14084507042253522
0.12179487179487179
0.10596026490066225
0.136986301369863
0.16470588235294117
0.11515151515151516
0.10457516339869281
0.12408759124087591
0.09826589595375723
0.0979020979020979
0.12337662337662338
0.15527950310559005
0.1
0.10967741935483871
0.1875
0.11594202898550725
0.14743589743589744
0.12101910828025478
0.12422360248447205
0.13157894736842105
0.14556962025316456
0.12857142857142856
0.15172413793103448
0.11834319526627218
0.1048951048951049
0.1323529411764706
0.16666666666666666
0.13768115942028986
0.1509433962264151
0.1977401129943503
0.1619718309859155
0.11728395061728394
0.12962962962962962
0.14814814814814814
0.12804878048780488
0.08280254777070063
0.09859154929577464
0.07692307692307693
0.05405405405405406
0.056338028169014086
0.031746031746031744
0.0759493670886076
0.06382978723404255
0.07741935483870968
0.08280254777070063
0.058823529411764705
0.03333333333333333
0.05056179775280899
0.03296703296703297
0.08461538461538462
0.06382978723404255
0.02877697841726619
0.042682926829268296
0.05405405405405406
0.04216867469879518
0.019867549668874173
0.05405405405405406
0.03205128205128205
0.06875
0.038461538461538464
0.0945945945945946
0.0449438202247191
0.056962025316455694
0.04054054054054054
0.047619047619047616
0.13043478260869565
0.09285714285714286
0.1643835616438356
0.17647058823529413
0.15267175572519084
0.1693548387096774
0.125
0.10294117647058823
0.15083798882681565
0.12
0.1518987341772152
0.12878787878787878
0.06164383561643835
0.041666666666666664
0.05714285714285714
0.03870967741935484
0.09271523178807947
0.07482993197278912
0.08053691275167785
0.09036144578313253
0.058823529411764705
0.047619047619047616
0.04878048780487805
0.06206896551724138
0.0650887573964497
0.05263157894736842
0.07534246575342465
0.06666666666666667
0.04487179487179487
0.04895104895104895
0.05970149253731343
0.10416666666666667
0.1590909090909091
0.14285714285714285
0.1456953642384106
0.1678832116788321
0.056338028169014086
0.0472972972972973
0.09929078014184398
0.10559006211180125
0.1437125748502994
0.14473684210526316
0.125
0.1232876712328767
0.058823529411764705
0.07042253521126761
0.10738255033557047
0.13432835820895522
0.125
0.08387096774193549
0.11851851851851852
0.1388888888888889
0.05228758169934641
0.10077519379844961
0.06
0.10204081632653061
0.09032258064516129
0.058823529411764705
0.0821917808219178
0.1015625
0.050359712230215826
0.0375
0.0547945205479452
0.07874015748031496
0.07407407407407407
0.06134969325153374
0.0967741935483871
0.11042944785276074
0.1796875
0.15492957746478872
0.07878787878787878
0.1987179487179487
0.17006802721088435
0.11564625850340136
0.1610738255033557
0.144
0.1342281879194631
0.1506849315068493
0.17391304347826086
0.13580246913580246
0.11278195488721804
0.1464968152866242
0.14545454545454545
0.1342281879194631
0.10810810810810811
0.11290322580645161
0.125
0.15254237288135594
0.12582781456953643
0.1267605633802817
0.12857142857142856
0.125
0.14705882352941177
0.2152777777777778
0.22085889570552147
0.21212121212121213
0.3018867924528302
0.24647887323943662
0.23841059602649006
0.2356687898089172
0.022556390977443608
0.07926829268292683
0.057971014492753624
0.07586206896551724
0.07801418439716312
0.057692307692307696
0.08163265306122448
0.06870229007633588
0.05357142857142857
0.03870967741935484
0.06857142857142857
0.07092198581560284
0.03870967741935484
0.0625
0.0625
0.058394160583941604
0.06875
0.0641025641025641
0.028169014084507043
0.03896103896103896
0.06164383561643835
0.087248322147651
0.04580152671755725
0.08633093525179857
0.029197080291970802
0.03680981595092025
0.049586776859504134
0.05128205128205128
0.056962025316455694
0.04794520547945205
0.049079754601226995
0.06153846153846154
0.06521739130434782
0.06802721088435375
0.03676470588235294
0.04032258064516129
0.05202312138728324
0.04316546762589928
0.07746478873239436
0.03496503496503497
0.03424657534246575
0.14285714285714285
0.13291139240506328
0.10596026490066225
0.1503267973856209
0.1527777777777778
0.13333333333333333
0.13513513513513514
0.1310344827586207
0.13636363636363635
0.14814814814814814
0.1513157894736842
0.11724137931034483
0.10897435897435898
0.15827338129496402
0.1781609195402299
0.1419753086419753
0.14084507042253522
0.1323529411764706
0.12096774193548387
0.13291139240506328
0.12195121951219512
0.034013605442176874
0.0392156862745098
0.07051282051282051
0.027586206896551724
0.04819277108433735
0.029940119760479042
0.036585365853658534
0.05917159763313609
0.032467532467532464
0.041176470588235294
0.03164556962025317
0.04
0.05161290322580645
0.02
0.04895104895104895
0.03870967741935484
0.04929577464788732
0.05660377358490566
0.02158273381294964
0.025477707006369428
0.01935483870967742
0.02112676056338028
0.05555555555555555
0.037267080745341616
0.05325443786982249
0.05847953216374269
0.05921052631578947
0.09090909090909091
0.024539877300613498
0.06666666666666667
0.06622516556291391
0.05194805194805195
0.059602649006622516
0.03546099290780142
0.044444444444444446
0.07633587786259542
0.0880503144654088
0.045454545454545456
0.07784431137724551
0.10240963855421686
0.136986301369863
0.08633093525179857
0.08029197080291971
0.10897435897435898
0.10909090909090909
0.09271523178807947
0.08904109589041095
0.07142857142857142
0.07407407407407407
0.11038961038961038
0.13178294573643412
0.09774436090225563
0.07643312101910828
0.13432835820895522
0.1366906474820144
0.05555555555555555
0.06766917293233082
0.0072992700729927005
0.03787878787878788
0.03225806451612903
0.05228758169934641
0
0.014598540145985401
0.039473684210526314
0.034482758620689655
0.05442176870748299
0.025974025974025976
0.026490066225165563
0.023529411764705882
0.04054054054054054
0.03571428571428571
0.05333333333333334
0.042682926829268296
0.056962025316455694
0.026845637583892617
0.013422818791946308
0.056338028169014086
0.05263157894736842
0.04929577464788732
0.03007518796992481
0.03289473684210526
0.049079754601226995
0.06790123456790123
0.04201680672268908
0.047337278106508875
0.0423728813559322
0.05555555555555555
0.033112582781456956
0.060810810810810814
0.04929577464788732
0.0641025641025641
0.0273972602739726
0.16352201257861634
0.16560509554140126
0.2606060606060606
0.16770186335403728
0.13125
0.16
0.19875776397515527
0.16923076923076924
0.2119205298013245
0.19745222929936307
0.1836734693877551
0.18604651162790697
0.1986754966887417
0.17647058823529413
0.15333333333333332
0.16778523489932887
0.12643678160919541
0.04878048780487805
0.023255813953488372
0.0457516339869281
0.06451612903225806
0.04081632653061224
0.034482758620689655
0.026490066225165563
0.039473684210526314
0.041666666666666664
0.050314465408805034
0.0472972972972973
0.036231884057971016
0.050359712230215826
0.006622516556291391
0.060810810810810814
0.037037037037037035
0.041666666666666664
0.06622516556291391
0.059602649006622516
0.04838709677419355
0.013513513513513514
0.14685314685314685
0.2222222222222222
0.18382352941176472
0.14965986394557823
0.17105263157894737
0.1015625
0.14465408805031446
0.09774436090225563
0.21212121212121213
0.1791907514450867
0.14285714285714285
0.16551724137931034
0.17777777777777778
0.16901408450704225
0.16666666666666666
0.1323529411764706
0.17391304347826086
0.22875816993464052
0.18439716312056736
0.12941176470588237
0.13924050632911392
0.13924050632911392
0.1258741258741259
0.11042944785276074
0.10434782608695652
0.12727272727272726
0.13580246913580246
0.11486486486486487
0.14383561643835616
0.11949685534591195
0.152317880794702
0.10126582278481013
0.12650602409638553
0.13194444444444445
0.11728395061728394
0.14788732394366197
0.1005586592178771
0.11538461538461539
0.10429447852760736
0.13513513513513514
0.14482758620689656
0.09929078014184398
0.14189189189189189
0.09497206703910614
0.12698412698412698
0.19014084507042253
0.17006802721088435
0.07236842105263158
0.16901408450704225
0.13664596273291926
0.14201183431952663
0.11038961038961038
0.18115942028985507
0.1419753086419753
0.11333333333333333
0.12883435582822086
0.09722222222222222
0.10559006211180125
0.09929078014184398
0.15942028985507245
0.14814814814814814
0.1375
0.15079365079365079
0.14457831325301204
0.12080536912751678
0.15384615384615385
0.11643835616438356
0.12295081967213115
0.1437908496732026
0.14189189189189189
0.1509433962264151
0.11464968152866242
