0.329608938547486
0.2865853658536585
0.3493975903614458
0.36507936507936506
0.4620253164556962
0.4129032258064516
0.2608695652173913
0.325
0.36419753086419754
0.36
0.36024844720496896
0.39655172413793105
0.3013698630136986
0.3916083916083916
0.3875
0.31736526946107785
0.39263803680981596
0.39285714285714285
0.30409356725146197
0.2929936305732484
0.40145985401459855
0.32894736842105265
0.33548387096774196
0.3314285714285714
0.36363636363636365
0.336
0.3467741935483871
0.3179190751445087
0.31496062992125984
0.38125
0.375
0.3392857142857143
0.41007194244604317
0.4024390243902439
0.35668789808917195
0.3855421686746988
0.3924050632911392
0.39316239316239315
0.3821656050955414
0.2689655172413793
0.3137254901960784
0.38235294117647056
0.2932330827067669
0.4166666666666667
0.3288590604026846
0.33116883116883117
0.3230769230769231
0.32903225806451614
0.3422818791946309
0.34375
0.3443708609271523
0.3680555555555556
0.3925925925925926
0.41025641025641024
0.33962264150943394
0.32903225806451614
0.3597560975609756
0.2878787878787879
0.3333333333333333
0.3581081081081081
0.34285714285714286
0.37735849056603776
0.3237410071942446
0.3443708609271523
0.34810126582278483
0.3597122302158273
0.3769230769230769
0.348993288590604
0.42962962962962964
0.28125
0.3333333333333333
0.375
0.38562091503267976
0.4217687074829932
0.3108108108108108
0.36220472440944884
0.3197278911564626
0.38181818181818183
0.3670886075949367
0.3673469387755102
0.30128205128205127
0.3424657534246575
0.36054421768707484
0.3522012578616352
0.40298507462686567
0.37333333333333335
0.29285714285714287
0.3855421686746988
0.32116788321167883
0.42657342657342656
0.3375
0.33962264150943394
0.36423841059602646
0.359375
0.3227848101265823
0.41875
0.3719512195121951
0.36645962732919257
0.3216374269005848
0.3819444444444444
0.2875816993464052
0.34965034965034963
0.31343283582089554
0.32727272727272727
0.30612244897959184
0.2893081761006289
0.38028169014084506
0.39436619718309857
0.3969465648854962
0.34532374100719426
0.3916083916083916
0.3877551020408163
0.36220472440944884
0.381294964028777
0.3959731543624161
0.33557046979865773
0.34146341463414637
0.3433734939759036
0.38823529411764707
0.3475177304964539
0.35555555555555557
0.38095238095238093
0.32098765432098764
0.3413173652694611
0.3787878787878788
0.41496598639455784
0.3597122302158273
0.4012738853503185
0.3469387755102041
0.38666666666666666
0.2803030303030303
0.34328358208955223
0.32679738562091504
0.42657342657342656
0.436241610738255
0.33121019108280253
0.3776223776223776
0.4189189189189189
0.3081761006289308
0.32575757575757575
0.3221476510067114
0.3496932515337423
0.3192771084337349
0.3262411347517731
0.3202614379084967
0.3829787234042553
0.34355828220858897
0.35036496350364965
0.3081395348837209
0.37583892617449666
0.34
0.3779527559055118
0.34965034965034963
0.27702702702702703
0.3776223776223776
0.3785310734463277
0.3841059602649007
0.3798449612403101
0.4068965517241379
0.3357664233576642
0.35185185185185186
0.25949367088607594
0.28187919463087246
0.4090909090909091
0.33986928104575165
0.3885350318471338
0.3918918918918919
0.3741496598639456
0.3712574850299401
0.38562091503267976
0.2857142857142857
0.3157894736842105
0.3776223776223776
0.37037037037037035
0.3
0.3942857142857143
0.40993788819875776
0.34355828220858897
0.32592592592592595
0.3472222222222222
0.3184713375796178
0.3116883116883117
0.34782608695652173
0.38571428571428573
0.30128205128205127
0.32075471698113206
0.36363636363636365
0.3541666666666667
0.28169014084507044
0.3375796178343949
0.36809815950920244
0.375
0.33532934131736525
0.3357664233576642
0.3974358974358974
0.32857142857142857
0.34965034965034963
0.38961038961038963
0.3358208955223881
0.44155844155844154
0.3885350318471338
0.3194444444444444
0.34591194968553457
0.36551724137931035
0.39568345323741005
0.32098765432098764
0.3969465648854962
0.2986111111111111
0.3424657534246575
0.3469387755102041
0.336
0.38271604938271603
0.3986013986013986
0.3167701863354037
0.348993288590604
0.344
0.4263565891472868
0.43558282208588955
0.41732283464566927
0.34265734265734266
0.3935483870967742
0.4014084507042254
0.375
0.3509933774834437
0.3221476510067114
0.3283582089552239
0.3630573248407643
0.36619718309859156
0.36
0.3287671232876712
0.3448275862068966
0.359375
0.3125
0.40540540540540543
0.296551724137931
0.3233082706766917
0.30833333333333335
0.37333333333333335
0.34
0.3142857142857143
0.33532934131736525
0.31547619047619047
0.3790849673202614
0.3541666666666667
0.36551724137931035
0.39156626506024095
0.30864197530864196
0.3089430894308943
0.37583892617449666
0.3624161073825503
0.38571428571428573
0.3163841807909605
0.3790849673202614
0.36024844720496896
0.3148148148148148
0.32934131736526945
0.4
0.38461538461538464
0.35172413793103446
0.4107142857142857
0.38285714285714284
0.3037037037037037
0.3333333333333333
0.39552238805970147
0.39416058394160586
0.2620689655172414
0.3448275862068966
0.3815789473684211
0.3374233128834356
0.3231707317073171
0.3860759493670886
0.33986928104575165
0.3624161073825503
0.32167832167832167
0.31788079470198677
0.3588235294117647
0.3254437869822485
0.38345864661654133
0.2647058823529412
0.3885350318471338
0.3706896551724138
0.3706293706293706
0.352112676056338
0.31788079470198677
0.4050632911392405
0.30952380952380953
0.3872832369942196
0.34459459459459457
0.3509933774834437
0.34375
0.3674698795180723
0.3933333333333333
0.37254901960784315
0.3212121212121212
0.38333333333333336
0.3237410071942446
0.391304347826087
0.34074074074074073
0.3508771929824561
0.35555555555555557
0.09271523178807947
0.11688311688311688
0.11971830985915492
0.09090909090909091
0.10493827160493827
0.11538461538461539
0.06153846153846154
0.1111111111111111
0.1044776119402985
0.1048951048951049
0.11333333333333333
0.05389221556886228
0.07534246575342465
0.053691275167785234
0.15492957746478872
0.058823529411764705
0.05806451612903226
0.075
0.05673758865248227
0.061068702290076333
0.045454545454545456
0.06172839506172839
0.04878048780487805
0.06802721088435375
0.032679738562091505
0.037037037037037035
0.0425531914893617
0.031007751937984496
0.06293706293706294
0.0625
0.037267080745341616
0.08391608391608392
0.038461538461538464
0.05755395683453238
0.06666666666666667
0.01935483870967742
0.05660377358490566
0.032467532467532464
0.05917159763313609
0.05063291139240506
0.03333333333333333
0.062111801242236024
0.03225806451612903
0.02054794520547945
0.04195804195804196
0.062111801242236024
0.05357142857142857
0.027586206896551724
0.026143790849673203
0.0390625
0.029940119760479042
0.015151515151515152
0.09027777777777778
0.026845637583892617
0.03821656050955414
0.02962962962962963
0.027586206896551724
0.019230769230769232
0.02197802197802198
0.02702702702702703
0.014184397163120567
0.033112582781456956
0.040268456375838924
0.04285714285714286
0.04697986577181208
0.050955414012738856
0.03821656050955414
0.0718954248366013
0.09929078014184398
0.07333333333333333
0.062111801242236024
0.036585365853658534
0.057692307692307696
0.07692307692307693
0.0410958904109589
0.040268456375838924
0.07692307692307693
0.047337278106508875
0.05228758169934641
0.08333333333333333
0.051470588235294115
0.03314917127071823
0.060810810810810814
0.05844155844155844
0.08843537414965986
0.04827586206896552
0.09722222222222222
0.08955223880597014
0.1165644171779141
0.12209302325581395
0.10526315789473684
0.16091954022988506
0.08484848484848485
0.12582781456953643
0.14285714285714285
0.10240963855421686
0.09774436090225563
0.1
0.08917197452229299
0.14935064935064934
0.1037037037037037
0.11363636363636363
0.16883116883116883
0.02857142857142857
0.034482758620689655
0.013157894736842105
0.04697986577181208
0.03571428571428571
0.04580152671755725
0.030864197530864196
0.015384615384615385
0.033783783783783786
0.05263157894736842
0.03592814371257485
0.03529411764705882
0.04827586206896552
0.01948051948051948
0.052980132450331126
0.04195804195804196
0.013245033112582781
0.031007751937984496
0.023952095808383235
0.027210884353741496
0.06134969325153374
0.05555555555555555
0.033783783783783786
0.06779661016949153
0.05357142857142857
0.07333333333333333
0.03125
0.044585987261146494
0.04516129032258064
0.03496503496503497
0.05660377358490566
0.02702702702702703
0.033112582781456956
0.03125
0.07333333333333333
0.05844155844155844
0.05228758169934641
0.0440251572327044
0.08163265306122448
0.04081632653061224
0.06666666666666667
0.05263157894736842
0.04294478527607362
0.03225806451612903
0.087248322147651
0.05384615384615385
0.06535947712418301
0.029197080291970802
0.00641025641025641
0.03488372093023256
0.02631578947368421
0.040268456375838924
0.0661764705882353
0.025477707006369428
0.05660377358490566
0.06474820143884892
0.09271523178807947
0.1079136690647482
0.10759493670886076
0.1
0.10493827160493827
0.07878787878787878
0.10179640718562874
0.11643835616438356
0.13380281690140844
0.10416666666666667
0.10714285714285714
0.10294117647058823
0.0880503144654088
0.06989247311827956
0.1125
0.09090909090909091
0.08917197452229299
0.14375
0.0945945945945946
0.0975609756097561
0.27485380116959063
0.3469387755102041
0.31756756756756754
0.3357664233576642
0.42857142857142855
0.3197278911564626
0.27941176470588236
0.30337078651685395
0.3148148148148148
0.33093525179856115
0.30864197530864196
0.2857142857142857
0.2631578947368421
0.2814814814814815
0.039735099337748346
0.04878048780487805
0.09375
0.0821917808219178
0.051094890510948905
0.08074534161490683
0.04827586206896552
0.059602649006622516
0.03164556962025317
0.08088235294117647
0.057692307692307696
0.034482758620689655
0.023622047244094488
0.04819277108433735
0.07096774193548387
0.05625
0.022598870056497175
0.06993006993006994
0.07857142857142857
0.09523809523809523
0.06
0.05389221556886228
0.0440251572327044
0.0755813953488372
0.08108108108108109
0.047244094488188976
0.013513513513513514
0.05806451612903226
0.03424657534246575
0.04285714285714286
0.05806451612903226
0.06164383561643835
0.04216867469879518
0.056962025316455694
0.041379310344827586
0.05806451612903226
0.07746478873239436
0.04827586206896552
0.04195804195804196
0.04316546762589928
0.05813953488372093
0.05
0.10135135135135136
0.032679738562091505
0.057971014492753624
0.04790419161676647
0.03896103896103896
0.05
0.05625
0.16556291390728478
0.13333333333333333
0.1794871794871795
0.15942028985507245
0.09420289855072464
0.1702127659574468
0.17880794701986755
0.1751412429378531
0.16129032258064516
0.1386861313868613
0.13768115942028986
0.15753424657534246
0.2
0.10191082802547771
0.13291139240506328
0.13125
0.15492957746478872
0.11299435028248588
0.03424657534246575
0.0547945205479452
0.03164556962025317
0.031446540880503145
0.03597122302158273
0.027210884353741496
0.025
0.026845637583892617
0.06164383561643835
0.020689655172413793
0.019736842105263157
0.013157894736842105
0.032432432432432434
0.014925373134328358
0.03333333333333333
0.05194805194805195
0.060810810810810814
0.034482758620689655
0.041379310344827586
0.027777777777777776
0.022900763358778626
0.006993006993006993
0.007575757575757576
0.02127659574468085
0.035211267605633804
0.05555555555555555
0.024390243902439025
0.012903225806451613
0.06
0.034013605442176874
0.045454545454545456
0.028169014084507043
0.04054054054054054
0.015873015873015872
0.037037037037037035
0.06962025316455696
0.08974358974358974
0.08783783783783784
0.07741935483870968
0.023952095808383235
0.05185185185185185
0.04918032786885246
0.03954802259887006
0.06779661016949153
0.04294478527607362
0.025974025974025976
0.05555555555555555
0.0457516339869281
0.02877697841726619
0.05555555555555555
0.017857142857142856
0.035211267605633804
0.0457516339869281
0.072992700729927
0.037267080745341616
0.06578947368421052
0.043209876543209874
0.05
0.034482758620689655
0.058823529411764705
0.023668639053254437
0.03546099290780142
0.04054054054054054
0.25984251968503935
0.2684563758389262
0.23870967741935484
0.23648648648648649
0.21511627906976744
0.2835820895522388
0.19310344827586207
0.22580645161290322
0.2679738562091503
0.2857142857142857
0.2080536912751678
0.21710526315789475
0.2732919254658385
0.2804878048780488
0.22289156626506024
0.23030303030303031
0.1895424836601307
0.2125
0.16233766233766234
0.031746031746031744
0.03571428571428571
0.040268456375838924
0.03821656050955414
0.02
0.020134228187919462
0.03125
0.04864864864864865
0.0273972602739726
0.06172839506172839
0.055944055944055944
0.027210884353741496
0.06521739130434782
0.030303030303030304
0.05555555555555555
0.05442176870748299
0.07096774193548387
0.006802721088435374
0.04
0.06369426751592357
0.06748466257668712
0.013986013986013986
0.07246376811594203
0.029197080291970802
0.043478260869565216
0.04225352112676056
0.08280254777070063
0.06338028169014084
0.041379310344827586
0.032679738562091505
0.04666666666666667
0.039473684210526314
0.05405405405405406
0.044585987261146494
0.06451612903225806
0.02097902097902098
0.02127659574468085
0.06015037593984962
