0.205
0.0408163265306122
0.266009852216749
0.104072398190045
0.190283400809717
0.165829145728643
0.21264367816092
0.159509202453988
0.379912663755459
0.103286384976526
0.122905027932961
0.237704918032787
0.0950226244343891
0.318681318681319
0.0646766169154229
0.0443349753694581
0.210843373493976
0.0776699029126214
0.31413612565445
0.547445255474453
0.18141592920354
0.525252525252525
0.39010989010989
0.306748466257669
0.369047619047619
0.112244897959184
0.0364583333333333
0.0365296803652968
0.135231316725979
0.0542635658914729
0.36986301369863
0.446700507614213
0.161137440758294
0.287425149700599
0.387665198237885
0.180327868852459
0.373873873873874
0.352173913043478
0.104938271604938
0.351063829787234
0.0541666666666667
0.113924050632911
0.0976744186046512
0.352
0.378486055776892
0.199115044247788
0.345945945945946
0.357142857142857
0.051063829787234
0.158371040723982
0.37696335078534
0.0990990990990991
0.218604651162791
0.174545454545455
0.123222748815166
0.35042735042735
0.441717791411043
0.0336134453781513
0.112107623318386
0.110091743119266
0.398373983739837
0.225352112676056
0.024
0.0358974358974359
0.222222222222222
0.0606060606060606
0.106796116504854
0.364102564102564
0.359307359307359
0.209606986899563
0.0669291338582677
0.4
0.341614906832298
0.0479704797047971
0.206030150753769
0.0847457627118644
0.0861244019138756
0.349282296650718
0.205761316872428
0.352941176470588
0.13953488372093
0.374074074074074
0.0972222222222222
0.240506329113924
0.102803738317757
0.15546218487395
0.41025641025641
0.325242718446602
0.325581395348837
0.216867469879518
0.376470588235294
0.334928229665072
0.32618025751073
0.147727272727273
0.347639484978541
0.181818181818182
0.2
0.0540540540540541
0.311926605504587
0.198019801980198
0.144067796610169
0.0495867768595041
0.0357142857142857
0.0421052631578947
0.150375939849624
0.39568345323741
0.133828996282528
0.353413654618474
0.423076923076923
0.173410404624277
0.331288343558282
0.0354330708661417
0.339285714285714
0.0655737704918033
0.373333333333333
0.346774193548387
0.220720720720721
0.168888888888889
0.375510204081633
0.348066298342541
0.0687830687830688
0.347826086956522
0.348
0.444444444444444
0.313253012048193
0.366071428571429
0.354368932038835
0.0479452054794521
0.349557522123894
0.0927835051546392
0.394849785407725
0.108108108108108
0.0574162679425837
0.200772200772201
0.233576642335766
0.2
0.0526315789473684
0.324817518248175
0.0504587155963303
0.0458333333333333
0.206422018348624
0.148571428571429
0.353233830845771
0.350710900473934
0.361256544502618
0.0372093023255814
0.227678571428571
0.0452961672473868
0.103734439834025
0.045
0.324200913242009
0.114285714285714
0.04149377593361
0.342105263157895
0.421875
0.203703703703704
0.106666666666667
0.190677966101695
0.357758620689655
0.0315789473684211
0.325
0.0416666666666667
0.0282258064516129
0.100456621004566
0.179611650485437
0.271375464684015
0.352941176470588
0.172131147540984
0.0506912442396313
0.37914691943128
0.121495327102804
0.160377358490566
0.405
0.348258706467662
0.041025641025641
0.371900826446281
0.207100591715976
0.341463414634146
0.403587443946188
0.204444444444444
0.0912863070539419
0.064
0.414012738853503
0.0350877192982456
0.263374485596708
0.336405529953917
0.0606060606060606
0.220973782771536
0.0341880341880342
0.176470588235294
0.391304347826087
0.385964912280702
0.354679802955665
0.0300429184549356
0.221719457013575
0.336065573770492
0.0478468899521531
0.141509433962264
0.380434782608696
0.130434782608696
0.0930232558139535
0.364035087719298
0.0555555555555556
0.0186666666666667
0.0955056179775281
0.345794392523364
0.103030303030303
0.0540540540540541
0.327800829875519
0.341013824884793
0.116883116883117
0.405737704918033
0.18359375
0.223214285714286
0.393364928909953
0.0341880341880342
0.369158878504673
0.0601092896174863
0.316666666666667
0.110576923076923
0.105485232067511
0.186868686868687
0.178294573643411
0.131707317073171
0.207207207207207
0.0277777777777778
0.12719298245614
0.392561983471074
0.374468085106383
0.407725321888412
0.197802197802198
0.358851674641148
0.402912621359223
0.136585365853659
0.109289617486339
0.0711111111111111
0.393364928909953
0.162995594713656
0.227272727272727
0.413978494623656
0.33596837944664
0.0622222222222222
0.145539906103286
0.028436018957346
0.303501945525292
0.0763358778625954
0.0916666666666667
0.171945701357466
0.269230769230769
0.111111111111111
0.33852140077821
0.32183908045977
0.244186046511628
0.398907103825137
0.3690036900369
0.22007722007722
0.0905172413793103
0.352173913043478
0.196911196911197
0.092896174863388
0.0541666666666667
0.105263157894737
0.228448275862069
0.0480349344978166
0.35377358490566
0.241545893719807
0.371428571428571
0.409836065573771
0.347619047619048
0.0461538461538462
0.186234817813765
0.0357142857142857
0.242677824267782
0.0480769230769231
0.0520231213872832
0.0355329949238579
0.0454545454545455
0.220338983050847
0.328
0.207964601769911
0.179611650485437
0.119815668202765
0.405405405405405
0.372950819672131
0.346456692913386
0.175438596491228
0.0380952380952381
0.346846846846847
0.0407239819004525
0.399159663865546
0.0905349794238683
0.0478260869565217
0.0600858369098712
0.364406779661017
0.353790613718412
0.375912408759124
0.360902255639098
0.135922330097087
0.232824427480916
0.359649122807018
0.220472440944882
0.644859813084112
0.421686746987952
0.036734693877551
0.360655737704918
0.333333333333333
0.0327102803738318
0.221556886227545
0.0347490347490347
0.357142857142857
0.411214953271028
0.394308943089431
0.207547169811321
0.342723004694836
0.337719298245614
0.0929203539823009
0.0213333333333333
0.0448430493273543
0.206349206349206
0.385650224215247
0.0954356846473029
0.135135135135135
0.0361990950226244
0.122362869198312
0.233502538071066
0.128378378378378
0.314285714285714
0.224390243902439
0.0574162679425837
0.231481481481481
0.407185628742515
0.0635593220338983
0.371980676328502
0.122448979591837
0.0747663551401869
0.029585798816568
0.339181286549708
0.128630705394191
0.455813953488372
0.323529411764706
0.135294117647059
0.354430379746835
0.323671497584541
0.0598290598290598
0.320224719101124
0.108225108225108
0.183333333333333
0.381147540983607
0.364130434782609
0.361904761904762
0.129186602870813
0.407239819004525
0.35609756097561
0.374358974358974
0.0341463414634146
0.0301507537688442
0.189189189189189
0.0936170212765957
0.124401913875598
0.0277777777777778
0.199115044247788
0.0375
0.211453744493392
0.389380530973451
0.0401785714285714
0.116981132075472
0.313953488372093
0.363636363636364
0.397637795275591
0.392405063291139
0.238317757009346
0.429864253393665
0.0387931034482759
0.352490421455939
0.354545454545455
0.0386473429951691
0.200892857142857
0.412556053811659
0.357142857142857
0.336898395721925
0.0522875816993464
0.335616438356164
0.17004048582996
0.182389937106918
0.0258620689655172
0.051948051948052
0.147410358565737
0.0728476821192053
0.0706319702602231
0.09765625
0.218009478672986
0.0446428571428571
0.150943396226415
0.336206896551724
0.204347826086957
0.25531914893617
0.122270742358079
0.370165745856354
0.325714285714286
0.41304347826087
0.117647058823529
0.0433070866141732
0.03125
0.116402116402116
0.394088669950739
0.0352112676056338
0.308988764044944
0.164556962025316
0.374074074074074
0.211618257261411
0.11587982832618
0.360975609756098
0.161572052401747
0.0454545454545455
0.35981308411215
0.0964467005076142
0.357843137254902
0.373626373626374
0.200854700854701
0.356521739130435
0.040650406504065
0.313186813186813
0.232227488151659
0.0640394088669951
0.285714285714286
0.359550561797753
0.0965250965250965
0.0315315315315315
0.149779735682819
0.0759493670886076
0.372
0.218181818181818
0.043010752688172
0.192771084337349
0.241545893719807
0.377510040160643
0.106007067137809
0.117073170731707
0.0727272727272727
0.0513833992094862
0.0745341614906832
0.0950413223140496
0.163424124513619
0.221774193548387
0.37037037037037
0.201298701298701
0.0990990990990991
0.187793427230047
0.388625592417062
0.184210526315789
0.175879396984925
0.137755102040816
0.224770642201835
0.409691629955947
0.296137339055794
0.19047619047619
0.17910447761194
0.195488721804511
0.369402985074627
0.380434782608696
0.384259259259259
0.0454545454545455
0.104761904761905
0.197080291970803
0.333333333333333
0.164556962025316
0.336170212765957
0.145
0.0851063829787234
0.359116022099448
0.0174825174825175
0.306382978723404
0.34070796460177
0.175
0.302439024390244
0.366379310344828
0.213953488372093
0.193236714975845
0.370192307692308
0.397196261682243
0.0401785714285714
0.357843137254902
0.16
0.339130434782609
0.199004975124378
0.236686390532544
0.360730593607306
0.119791666666667
0.186721991701245
0.0308370044052863
0.245901639344262
0.35042735042735
0.108870967741935
0.34251968503937
0.106227106227106
0.362573099415205
0.30952380952381
0.201834862385321
0.360323886639676
0.192513368983957
0.304761904761905
0.212765957446809
0.304093567251462
0.0607287449392713
0.0401785714285714
0.333333333333333
0.0416666666666667
0.392405063291139
0.198380566801619
0.133333333333333
0.169354838709677
0.12719298245614
0.123711340206186
0.130044843049327
0.266375545851528
0.382470119521912
0.161825726141079
0.0714285714285714
0.25668449197861
0.0949720670391061
0.105726872246696
0.0887096774193548
0.125
0.345833333333333
0.165322580645161
0.384279475982533
0.111111111111111
0.144329896907216
0.344827586206897
0.352313167259786
0.199152542372881
0.26978417266187
0.0350877192982456
0.2125
0.120833333333333
0.0265486725663717
0.214545454545455
0.373913043478261
0.375545851528384
0.0365853658536585
0.0392156862745098
0.149038461538462
0.0309734513274336
0.333333333333333
0.388157894736842
0.3875
0.0555555555555556
0.329411764705882
0.140425531914894
0.105022831050228
0.0418604651162791
0.178571428571429
0.369668246445498
0.06
0.384615384615385
0.0333333333333333
0.38961038961039
0.155102040816327
0.0926829268292683
0.411111111111111
0.395939086294416
0.197969543147208
0.0313725490196078
0.38034188034188
0.102362204724409
0.39047619047619
0.139130434782609
0.207171314741036
0.298578199052133
0.0476190476190476
0.353488372093023
0.345794392523364
0.25
0.0378151260504202
0.3203125
0.349557522123894
0.380952380952381
0.0486725663716814
0.175675675675676
0.0266666666666667
0.0846153846153846
0.0308370044052863
0.106976744186047
0.0517241379310345
0.044
0.108108108108108
0.0282485875706215
0.0458715596330275
0.350597609561753
0.0473933649289099
0.385650224215247
0.0594059405940594
0.0622222222222222
0.211981566820276
0.37696335078534
0.352226720647773
0.193050193050193
0.0459183673469388
0.129213483146067
0.170124481327801
